name	taxonomy_id	taxonomy_lvl	2827.bracken_num	2827.bracken_frac	2828.bracken_num	2828.bracken_frac	2830.bracken_num	2830.bracken_frac	2831.bracken_num	2831.bracken_frac	2832.bracken_num	2832.bracken_frac	2833.bracken_num	2833.bracken_frac	2834.bracken_num	2834.bracken_frac	2836.bracken_num	2836.bracken_frac	2837.bracken_num	2837.bracken_frac	2839.bracken_num	2839.bracken_frac	2840.bracken_num	2840.bracken_frac	2841.bracken_num	2841.bracken_frac	2842.bracken_num	2842.bracken_frac	2845.bracken_num	2845.bracken_frac	2846.bracken_num	2846.bracken_frac	2847.bracken_num	2847.bracken_frac	2850.bracken_num	2850.bracken_frac	2853.bracken_num	2853.bracken_frac	2854.bracken_num	2854.bracken_frac	2855.bracken_num	2855.bracken_frac	2857.bracken_num	2857.bracken_frac	2858.bracken_num	2858.bracken_frac	2859.bracken_num	2859.bracken_frac	2862.bracken_num	2862.bracken_frac	2866.bracken_num	2866.bracken_frac	2867.bracken_num	2867.bracken_frac	2870.bracken_num	2870.bracken_frac	2871.bracken_num	2871.bracken_frac	2872.bracken_num	2872.bracken_frac
Bacillota	1239	P	501854	0.78037	792309	0.89172	656503	0.79071	623707	0.73368	695264	0.74823	1151386	0.79568	686184	0.90555	637886	0.62122	527271	0.80787	503596	0.81693	602505	0.88811	730278	0.90818	633296	0.91588	770447	0.73847	460691	0.61605	467623	0.84026	976748	0.93396	606603	0.76127	781713	0.85168	1202477	0.92253	765722	0.88519	465962	0.64012	1065310	0.92081	649797	0.85206	457946	0.73036	661738	0.80560	576491	0.92484	855726	0.93405	588861	0.70961
Actinomycetota	201174	P	8570	0.01333	6046	0.00680	15116	0.01821	12810	0.01507	12168	0.01310	18945	0.01309	5796	0.00765	10546	0.01027	5686	0.00871	7319	0.01187	9085	0.01339	10996	0.01367	5889	0.00852	10076	0.00966	15611	0.02088	10014	0.01799	9695	0.00927	5973	0.00750	9016	0.00982	19157	0.01470	18749	0.02167	33189	0.04559	8249	0.00713	7177	0.00941	6619	0.01056	9776	0.01190	9254	0.01485	9257	0.01010	15156	0.01826
Cyanobacteriota	1117	P	305	0.00047	702	0.00079	645	0.00078	549	0.00065	1126	0.00121	4784	0.00331	517	0.00068	2353	0.00229	749	0.00115	515	0.00084	383	0.00056	2418	0.00301	947	0.00137	850	0.00081	1037	0.00139	329	0.00059	1368	0.00131	1081	0.00136	958	0.00104	1797	0.00138	1276	0.00148	474	0.00065	702	0.00061	960	0.00126	1127	0.00180	1225	0.00149	904	0.00145	1159	0.00127	442	0.00053
Chloroflexota	200795	P	93	0.00014	762	0.00086	497	0.00060	1472	0.00173	990	0.00107	1006	0.00070	328	0.00043	831	0.00081	584	0.00089	395	0.00064	893	0.00132	1239	0.00154	390	0.00056	619	0.00059	163	0.00022	1173	0.00211	1638	0.00157	381	0.00048	783	0.00085	2797	0.00215	1530	0.00177	175	0.00024	992	0.00086	340	0.00045	553	0.00088	796	0.00097	1338	0.00215	1345	0.00147	714	0.00086
Deinococcota	1297	P	91	0.00014	323	0.00036	367	0.00044	536	0.00063	528	0.00057	766	0.00053	332	0.00044	391	0.00038	108	0.00017	382	0.00062	731	0.00108	641	0.00080	489	0.00071	587	0.00056	72	0.00010	248	0.00045	595	0.00057	282	0.00035	330	0.00036	1076	0.00083	956	0.00111	89	0.00012	396	0.00034	190	0.00025	325	0.00052	606	0.00074	907	0.00146	1116	0.00122	322	0.00039
Mycoplasmatota	544448	P	46	0.00007	499	0.00056	475	0.00057	625	0.00074	1334	0.00144	2159	0.00149	702	0.00093	958	0.00093	290	0.00044	590	0.00096	653	0.00096	2089	0.00260	604	0.00087	822	0.00079	347	0.00046	453	0.00081	1161	0.00111	354	0.00044	716	0.00078	2387	0.00183	1785	0.00206	570	0.00078	749	0.00065	191	0.00025	724	0.00115	1338	0.00163	1552	0.00249	1166	0.00127	439	0.00053
Thermomicrobiota	3027942	P	11	0.00002	0	0.00000	14	0.00002	0	0.00000	10	0.00001	11	0.00001	0	0.00000	19	0.00002	0	0.00000	0	0.00000	22	0.00003	16	0.00002	0	0.00000	10	0.00001	0	0.00000	0	0.00000	14	0.00001	14	0.00002	0	0.00000	27	0.00002	39	0.00005	0	0.00000	15	0.00001	0	0.00000	0	0.00000	16	0.00002	18	0.00003	15	0.00002	0	0.00000
Bacteroidota	976	P	105838	0.16458	82798	0.09319	134718	0.16226	198745	0.23379	170910	0.18393	231391	0.15991	56849	0.07502	359381	0.34999	114171	0.17493	94717	0.15365	61553	0.09073	52379	0.06514	43457	0.06285	242749	0.23267	243839	0.32607	73912	0.13281	51992	0.04971	145999	0.18322	117663	0.12819	67463	0.05176	67996	0.07860	211824	0.29100	55406	0.04789	97249	0.12752	147984	0.23601	134930	0.16426	28543	0.04579	42498	0.04639	215722	0.25996
Chlorobiota	1090	P	55	0.00009	0	0.00000	53	0.00006	25	0.00003	76	0.00008	228	0.00016	18	0.00002	50	0.00005	16	0.00002	46	0.00007	0	0.00000	0	0.00000	21	0.00003	72	0.00007	33	0.00004	0	0.00000	0	0.00000	26	0.00003	11	0.00001	0	0.00000	23	0.00003	33	0.00005	0	0.00000	0	0.00000	22	0.00004	15	0.00002	0	0.00000	0	0.00000	34	0.00004
Rhodothermota	1853220	P	37	0.00006	0	0.00000	25	0.00003	0	0.00000	28	0.00003	64	0.00004	0	0.00000	14	0.00001	0	0.00000	12	0.00002	0	0.00000	0	0.00000	0	0.00000	40	0.00004	15	0.00002	0	0.00000	0	0.00000	18	0.00002	0	0.00000	0	0.00000	10	0.00001	0	0.00000	0	0.00000	0	0.00000	0	0.00000	0	0.00000	0	0.00000	0	0.00000	15	0.00002
Balneolota	1936987	P	13	0.00002	22	0.00002	0	0.00000	19	0.00002	0	0.00000	282	0.00019	0	0.00000	100	0.00010	15	0.00002	13	0.00002	0	0.00000	0	0.00000	38	0.00005	0	0.00000	87	0.00012	0	0.00000	0	0.00000	48	0.00006	12	0.00001	15	0.00001	0	0.00000	25	0.00003	0	0.00000	56	0.00007	46	0.00007	0	0.00000	0	0.00000	13	0.00001	0	0.00000
Gemmatimonadota	142182	P	33	0.00005	0	0.00000	18	0.00002	0	0.00000	11	0.00001	13	0.00001	0	0.00000	0	0.00000	0	0.00000	0	0.00000	0	0.00000	0	0.00000	0	0.00000	10	0.00001	10	0.00001	0	0.00000	0	0.00000	0	0.00000	0	0.00000	0	0.00000	0	0.00000	0	0.00000	0	0.00000	0	0.00000	10	0.00002	0	0.00000	0	0.00000	0	0.00000	19	0.00002
Pseudomonadota	1224	P	22449	0.03491	3295	0.00371	10009	0.01206	6245	0.00735	39842	0.04288	16504	0.01141	3681	0.00486	10239	0.00997	2126	0.00326	5214	0.00846	1556	0.00229	1435	0.00178	3673	0.00531	9749	0.00934	21485	0.02873	1800	0.00323	1386	0.00133	7750	0.00973	4295	0.00468	1614	0.00124	3997	0.00462	12717	0.01747	23435	0.02026	5232	0.00686	9057	0.01444	8100	0.00986	2730	0.00438	3012	0.00329	5519	0.00665
Thermodesulfobacteriota	200940	P	1525	0.00237	225	0.00025	1530	0.00184	1953	0.00230	514	0.00055	945	0.00065	144	0.00019	759	0.00074	89	0.00014	289	0.00047	165	0.00024	146	0.00018	141	0.00020	993	0.00095	327	0.00044	28	0.00005	20	0.00002	2482	0.00311	137	0.00015	54	0.00004	202	0.00023	306	0.00042	355	0.00031	765	0.00100	864	0.00138	602	0.00073	321	0.00051	107	0.00012	1254	0.00151
Planctomycetota	203682	P	158	0.00025	15	0.00002	146	0.00018	87	0.00010	204	0.00022	393	0.00027	84	0.00011	165	0.00016	15	0.00002	85	0.00014	16	0.00002	26	0.00003	47	0.00007	200	0.00019	83	0.00011	14	0.00003	0	0.00000	69	0.00009	49	0.00005	18	0.00001	58	0.00007	94	0.00013	16	0.00001	25	0.00003	61	0.00010	44	0.00005	12	0.00002	12	0.00001	103	0.00012
Chlamydiota	204428	P	120	0.00019	482	0.00054	103	0.00012	19	0.00002	31	0.00003	546	0.00038	260	0.00034	94	0.00009	0	0.00000	198	0.00032	0	0.00000	150	0.00019	89	0.00013	56	0.00005	788	0.00105	15	0.00003	78	0.00007	13855	0.01739	255	0.00028	837	0.00064	0	0.00000	195	0.00027	499	0.00043	14	0.00002	94	0.00015	39	0.00005	84	0.00013	49	0.00005	0	0.00000
Verrucomicrobiota	74201	P	97	0.00015	11	0.00001	117	0.00014	59	0.00007	136	0.00015	288	0.00020	90	0.00012	109	0.00011	23	0.00004	66	0.00011	12	0.00002	22	0.00003	33	0.00005	174	0.00017	90	0.00012	17	0.00003	0	0.00000	40	0.00005	61	0.00007	29	0.00002	72	0.00008	84	0.00012	12	0.00001	11	0.00001	61	0.00010	34	0.00004	12	0.00002	18	0.00002	38	0.00005
Kiritimatiellota	134625	P	16	0.00002	0	0.00000	0	0.00000	11	0.00001	0	0.00000	0	0.00000	0	0.00000	12	0.00001	0	0.00000	0	0.00000	0	0.00000	0	0.00000	0	0.00000	0	0.00000	0	0.00000	0	0.00000	0	0.00000	0	0.00000	0	0.00000	0	0.00000	0	0.00000	0	0.00000	0	0.00000	0	0.00000	0	0.00000	0	0.00000	0	0.00000	0	0.00000	0	0.00000
Myxococcota	2818505	P	241	0.00037	0	0.00000	174	0.00021	92	0.00011	102	0.00011	215	0.00015	65	0.00009	144	0.00014	19	0.00003	58	0.00009	29	0.00004	20	0.00002	34	0.00005	171	0.00016	60	0.00008	10	0.00002	0	0.00000	320	0.00040	36	0.00004	13	0.00001	56	0.00006	109	0.00015	20	0.00002	29	0.00004	73	0.00012	35	0.00004	10	0.00002	13	0.00001	104	0.00013
Acidobacteriota	57723	P	131	0.00020	10	0.00001	71	0.00009	39	0.00005	100	0.00011	189	0.00013	40	0.00005	101	0.00010	15	0.00002	71	0.00012	0	0.00000	12	0.00001	29	0.00004	111	0.00011	39	0.00005	0	0.00000	0	0.00000	30	0.00004	12	0.00001	0	0.00000	28	0.00003	42	0.00006	0	0.00000	14	0.00002	37	0.00006	10	0.00001	0	0.00000	0	0.00000	45	0.00005
Synergistota	508458	P	109	0.00017	17	0.00002	65	0.00008	42	0.00005	78	0.00008	141	0.00010	39	0.00005	24	0.00002	28	0.00004	45	0.00007	30	0.00004	13	0.00002	14	0.00002	82	0.00008	31	0.00004	0	0.00000	0	0.00000	45	0.00006	31	0.00003	23	0.00002	18	0.00002	60	0.00008	18	0.00002	0	0.00000	18	0.00003	22	0.00003	0	0.00000	10	0.00001	33	0.00004
Spirochaetota	203691	P	106	0.00016	32	0.00004	1892	0.00228	303	0.00036	3006	0.00324	11277	0.00779	1277	0.00169	170	0.00017	57	0.00009	1273	0.00207	184	0.00027	1185	0.00147	903	0.00131	2099	0.00201	1215	0.00162	12	0.00002	108	0.00010	3509	0.00440	554	0.00060	786	0.00060	1028	0.00119	421	0.00058	48	0.00004	171	0.00022	219	0.00035	1086	0.00132	410	0.00066	97	0.00011	74	0.00009
Campylobacterota	29547	P	98	0.00015	60	0.00007	5717	0.00689	114	0.00013	300	0.00032	521	0.00036	91	0.00012	120	0.00012	23	0.00004	156	0.00025	89	0.00013	288	0.00036	91	0.00013	217	0.00021	259	0.00035	23	0.00004	104	0.00010	2874	0.00361	68	0.00007	41	0.00003	58	0.00007	123	0.00017	104	0.00009	18	0.00002	104	0.00017	71	0.00009	194	0.00031	59	0.00006	66	0.00008
Fusobacteriota	32066	P	53	0.00008	0	0.00000	69	0.00008	38	0.00004	253	0.00027	126	0.00009	54	0.00007	81	0.00008	16	0.00002	38	0.00006	0	0.00000	0	0.00000	66	0.00010	312	0.00030	53	0.00007	0	0.00000	10	0.00001	39	0.00005	47	0.00005	17	0.00001	21	0.00002	103	0.00014	26	0.00002	29	0.00004	23	0.00004	25	0.00003	0	0.00000	14	0.00002	21	0.00003
Nitrospirota	40117	P	44	0.00007	0	0.00000	25	0.00003	34	0.00004	22	0.00002	44	0.00003	14	0.00002	22	0.00002	0	0.00000	0	0.00000	0	0.00000	0	0.00000	0	0.00000	31	0.00003	0	0.00000	0	0.00000	0	0.00000	26	0.00003	13	0.00001	0	0.00000	0	0.00000	21	0.00003	0	0.00000	14	0.00002	29	0.00005	12	0.00001	0	0.00000	0	0.00000	29	0.00003
Thermotogota	200918	P	11	0.00002	0	0.00000	23	0.00003	11	0.00001	59	0.00006	74	0.00005	10	0.00001	19	0.00002	0	0.00000	16	0.00003	0	0.00000	0	0.00000	0	0.00000	45	0.00004	10	0.00001	0	0.00000	0	0.00000	0	0.00000	17	0.00002	11	0.00001	0	0.00000	0	0.00000	0	0.00000	0	0.00000	18	0.00003	0	0.00000	0	0.00000	0	0.00000	0	0.00000
Bdellovibrionota	3018035	P	10	0.00002	0	0.00000	15	0.00002	12	0.00001	19	0.00002	57	0.00004	0	0.00000	23	0.00002	0	0.00000	10	0.00002	0	0.00000	0	0.00000	10	0.00001	31	0.00003	0	0.00000	0	0.00000	0	0.00000	14	0.00002	0	0.00000	0	0.00000	0	0.00000	0	0.00000	0	0.00000	0	0.00000	0	0.00000	0	0.00000	0	0.00000	0	0.00000	0	0.00000
Chordata	7711	P	574	0.00089	150	0.00017	646	0.00078	905	0.00106	517	0.00056	1639	0.00113	598	0.00079	1317	0.00128	1043	0.00160	689	0.00112	124	0.00018	372	0.00046	630	0.00091	915	0.00088	663	0.00089	503	0.00090	406	0.00039	660	0.00083	664	0.00072	536	0.00041	474	0.00055	854	0.00117	121	0.00010	211	0.00028	704	0.00112	389	0.00047	205	0.00033	292	0.00032	572	0.00069
Euryarchaeota	28890	P	227	0.00035	25	0.00003	247	0.00030	140	0.00016	282	0.00030	1701	0.00118	101	0.00013	221	0.00022	26	0.00004	186	0.00030	95	0.00014	157	0.00020	59	0.00009	554	0.00053	331	0.00044	17	0.00003	13	0.00001	3137	0.00394	149	0.00016	1294	0.00099	67	0.00008	217	0.00030	17	0.00001	33	0.00004	81	0.00013	101	0.00012	84	0.00013	50	0.00005	156	0.00019
Pisuviricota	2732408	P	100	0.00016	78	0.00009	54	0.00007	65	0.00008	629	0.00068	168	0.00012	42	0.00006	524	0.00051	79	0.00012	142	0.00023	48	0.00007	10	0.00001	31	0.00004	375	0.00036	34	0.00005	76	0.00014	321	0.00031	526	0.00066	43	0.00005	59	0.00005	464	0.00054	37	0.00005	277	0.00024	0	0.00000	38	0.00006	126	0.00015	78	0.00013	0	0.00000	29	0.00003
Uroviricota	2731618	P	80	0.00012	631	0.00071	407	0.00049	1398	0.00164	175	0.00019	404	0.00028	116	0.00015	84	0.00008	101	0.00015	181	0.00029	156	0.00023	48	0.00006	113	0.00016	430	0.00041	55	0.00007	211	0.00038	22	0.00002	128	0.00016	136	0.00015	44	0.00003	59	0.00007	132	0.00018	62	0.00005	90	0.00012	57	0.00009	73	0.00009	22	0.00004	20	0.00002	21	0.00003
Armatimonadota	67819	P	0	0.00000	25	0.00003	33	0.00004	34	0.00004	65	0.00007	49	0.00003	11	0.00001	32	0.00003	24	0.00004	27	0.00004	46	0.00007	81	0.00010	27	0.00004	45	0.00004	0	0.00000	27	0.00005	75	0.00007	19	0.00002	22	0.00002	126	0.00010	111	0.00013	0	0.00000	60	0.00005	0	0.00000	21	0.00003	71	0.00009	76	0.00012	55	0.00006	37	0.00004
Fibrobacterota	65842	P	0	0.00000	0	0.00000	19	0.00002	0	0.00000	48	0.00005	17	0.00001	0	0.00000	0	0.00000	0	0.00000	0	0.00000	0	0.00000	0	0.00000	0	0.00000	72	0.00007	11	0.00001	0	0.00000	0	0.00000	28	0.00004	0	0.00000	0	0.00000	75	0.00009	0	0.00000	0	0.00000	0	0.00000	0	0.00000	15	0.00002	25	0.00004	0	0.00000	0	0.00000
Deferribacterota	200930	P	0	0.00000	0	0.00000	223	0.00027	0	0.00000	35	0.00004	40	0.00003	0	0.00000	0	0.00000	0	0.00000	0	0.00000	0	0.00000	0	0.00000	0	0.00000	43	0.00004	16	0.00002	0	0.00000	0	0.00000	44	0.00006	0	0.00000	0	0.00000	0	0.00000	0	0.00000	26	0.00002	0	0.00000	0	0.00000	0	0.00000	0	0.00000	0	0.00000	0	0.00000
Candidatus Thermoplasmatota	2283796	P	0	0.00000	0	0.00000	233	0.00028	18	0.00002	266	0.00029	446	0.00031	146	0.00019	0	0.00000	95	0.00015	99	0.00016	37	0.00005	87	0.00011	309	0.00045	136	0.00013	263	0.00035	0	0.00000	63	0.00006	431	0.00054	18	0.00002	756	0.00058	135	0.00016	58	0.00008	16	0.00001	0	0.00000	78	0.00012	101	0.00012	68	0.00011	38	0.00004	0	0.00000
Thermoproteota	28889	P	0	0.00000	0	0.00000	17	0.00002	0	0.00000	0	0.00000	13	0.00001	0	0.00000	19	0.00002	0	0.00000	0	0.00000	0	0.00000	0	0.00000	0	0.00000	0	0.00000	0	0.00000	0	0.00000	0	0.00000	0	0.00000	0	0.00000	0	0.00000	0	0.00000	0	0.00000	0	0.00000	0	0.00000	0	0.00000	0	0.00000	0	0.00000	0	0.00000	17	0.00002
Candidatus Omnitrophota	67812	P	0	0.00000	0	0.00000	0	0.00000	0	0.00000	10	0.00001	31	0.00002	72	0.00010	14	0.00001	0	0.00000	0	0.00000	0	0.00000	0	0.00000	0	0.00000	0	0.00000	57	0.00008	0	0.00000	0	0.00000	0	0.00000	15	0.00002	0	0.00000	15	0.00002	0	0.00000	0	0.00000	0	0.00000	19	0.00003	14	0.00002	0	0.00000	0	0.00000	0	0.00000
Candidatus Saccharibacteria	95818	P	0	0.00000	0	0.00000	0	0.00000	0	0.00000	26	0.00003	36	0.00002	0	0.00000	0	0.00000	0	0.00000	18	0.00003	0	0.00000	0	0.00000	18	0.00003	82	0.00008	34	0.00005	0	0.00000	0	0.00000	25	0.00003	22	0.00002	0	0.00000	14	0.00002	12	0.00002	0	0.00000	0	0.00000	0	0.00000	14	0.00002	0	0.00000	0	0.00000	0	0.00000
Aquificota	200783	P	0	0.00000	0	0.00000	0	0.00000	0	0.00000	16	0.00002	41	0.00003	12	0.00002	0	0.00000	0	0.00000	0	0.00000	0	0.00000	0	0.00000	0	0.00000	12	0.00001	0	0.00000	0	0.00000	0	0.00000	0	0.00000	0	0.00000	0	0.00000	0	0.00000	0	0.00000	0	0.00000	0	0.00000	0	0.00000	0	0.00000	0	0.00000	0	0.00000	0	0.00000
Elusimicrobiota	74152	P	0	0.00000	0	0.00000	0	0.00000	0	0.00000	19	0.00002	11	0.00001	0	0.00000	0	0.00000	0	0.00000	0	0.00000	0	0.00000	0	0.00000	10	0.00001	81	0.00008	0	0.00000	0	0.00000	0	0.00000	0	0.00000	0	0.00000	0	0.00000	0	0.00000	0	0.00000	0	0.00000	0	0.00000	0	0.00000	0	0.00000	0	0.00000	0	0.00000	0	0.00000
Nitrososphaerota	651137	P	0	0.00000	0	0.00000	0	0.00000	0	0.00000	10	0.00001	0	0.00000	0	0.00000	0	0.00000	0	0.00000	0	0.00000	0	0.00000	0	0.00000	0	0.00000	0	0.00000	0	0.00000	0	0.00000	0	0.00000	0	0.00000	0	0.00000	0	0.00000	0	0.00000	0	0.00000	0	0.00000	0	0.00000	0	0.00000	0	0.00000	0	0.00000	0	0.00000	0	0.00000
Ignavibacteriota	1134404	P	0	0.00000	0	0.00000	0	0.00000	0	0.00000	0	0.00000	42	0.00003	0	0.00000	0	0.00000	0	0.00000	0	0.00000	0	0.00000	0	0.00000	0	0.00000	0	0.00000	0	0.00000	0	0.00000	0	0.00000	0	0.00000	0	0.00000	0	0.00000	0	0.00000	0	0.00000	0	0.00000	0	0.00000	0	0.00000	0	0.00000	0	0.00000	0	0.00000	0	0.00000
Heterolobosea	5752	P	0	0.00000	0	0.00000	0	0.00000	0	0.00000	0	0.00000	21	0.00001	0	0.00000	0	0.00000	0	0.00000	0	0.00000	0	0.00000	0	0.00000	0	0.00000	0	0.00000	0	0.00000	0	0.00000	0	0.00000	0	0.00000	0	0.00000	0	0.00000	0	0.00000	0	0.00000	0	0.00000	0	0.00000	0	0.00000	0	0.00000	0	0.00000	0	0.00000	0	0.00000
Preplasmiviricota	2732008	P	0	0.00000	0	0.00000	0	0.00000	0	0.00000	0	0.00000	25	0.00002	77	0.00010	0	0.00000	0	0.00000	0	0.00000	0	0.00000	0	0.00000	0	0.00000	0	0.00000	0	0.00000	15	0.00003	0	0.00000	0	0.00000	0	0.00000	0	0.00000	0	0.00000	0	0.00000	0	0.00000	0	0.00000	0	0.00000	0	0.00000	0	0.00000	0	0.00000	0	0.00000
