name	taxonomy_id	taxonomy_lvl	2827.bracken_num	2827.bracken_frac	2828.bracken_num	2828.bracken_frac	2830.bracken_num	2830.bracken_frac	2831.bracken_num	2831.bracken_frac	2832.bracken_num	2832.bracken_frac	2833.bracken_num	2833.bracken_frac	2834.bracken_num	2834.bracken_frac	2836.bracken_num	2836.bracken_frac	2837.bracken_num	2837.bracken_frac	2839.bracken_num	2839.bracken_frac	2840.bracken_num	2840.bracken_frac	2841.bracken_num	2841.bracken_frac	2842.bracken_num	2842.bracken_frac	2845.bracken_num	2845.bracken_frac	2846.bracken_num	2846.bracken_frac	2847.bracken_num	2847.bracken_frac	2850.bracken_num	2850.bracken_frac	2853.bracken_num	2853.bracken_frac	2854.bracken_num	2854.bracken_frac	2855.bracken_num	2855.bracken_frac	2857.bracken_num	2857.bracken_frac	2858.bracken_num	2858.bracken_frac	2859.bracken_num	2859.bracken_frac	2862.bracken_num	2862.bracken_frac	2866.bracken_num	2866.bracken_frac	2867.bracken_num	2867.bracken_frac	2870.bracken_num	2870.bracken_frac	2871.bracken_num	2871.bracken_frac	2872.bracken_num	2872.bracken_frac
Negativicutes	909932	C	422541	0.65713	169459	0.19074	153521	0.18493	74045	0.08711	31419	0.03382	107344	0.07419	125566	0.16574	134479	0.13098	147613	0.22620	69093	0.11210	87881	0.12955	51163	0.06364	83466	0.12073	96204	0.09222	200588	0.26830	108918	0.19573	349252	0.33397	195599	0.24554	147500	0.16072	40721	0.03124	90863	0.10505	272471	0.37437	523303	0.45234	351119	0.46046	91808	0.14645	94998	0.11566	77905	0.12500	75832	0.08278	270200	0.32563
Bacilli	91061	C	45864	0.07133	547876	0.61667	359239	0.43273	426798	0.50210	460223	0.49535	412308	0.28497	413751	0.54614	230686	0.22468	215651	0.33046	202197	0.32806	444782	0.65568	593529	0.73822	388623	0.56211	488988	0.46874	40161	0.05372	292833	0.52624	465126	0.44477	190137	0.23869	258527	0.28170	1007496	0.77298	544933	0.63003	18807	0.02584	392206	0.33902	170975	0.22422	233968	0.37322	461633	0.56205	422195	0.67740	645018	0.70412	278603	0.33575
Clostridia	186801	C	32963	0.05126	74171	0.08348	142135	0.17121	121770	0.14326	201318	0.21668	627865	0.43395	145756	0.19239	271513	0.26445	163272	0.25020	230858	0.37456	69032	0.10176	84382	0.10495	160209	0.23173	183376	0.17578	217377	0.29076	64975	0.11676	161321	0.15426	219782	0.27590	370385	0.40358	151420	0.11617	127225	0.14709	172852	0.23750	148540	0.12840	127028	0.16659	130594	0.20832	103904	0.12651	74696	0.11985	133791	0.14605	39023	0.04703
Erysipelotrichia	526524	C	330	0.00051	599	0.00067	1201	0.00145	736	0.00087	1236	0.00133	2772	0.00192	676	0.00089	860	0.00084	521	0.00080	945	0.00153	447	0.00066	738	0.00092	651	0.00094	1014	0.00097	2326	0.00311	653	0.00117	705	0.00067	789	0.00099	4666	0.00508	1916	0.00147	1268	0.00147	1645	0.00226	947	0.00082	601	0.00079	1219	0.00194	779	0.00095	977	0.00157	783	0.00085	742	0.00089
Tissierellia	1737404	C	146	0.00023	158	0.00018	345	0.00042	316	0.00037	1015	0.00109	1009	0.00070	398	0.00053	303	0.00030	202	0.00031	410	0.00067	313	0.00046	372	0.00046	295	0.00043	835	0.00080	224	0.00030	201	0.00036	262	0.00025	245	0.00031	614	0.00067	771	0.00059	1245	0.00144	180	0.00025	268	0.00023	68	0.00009	336	0.00054	371	0.00045	623	0.00100	251	0.00027	259	0.00031
Actinomycetes	1760	C	6249	0.00972	4722	0.00531	8647	0.01042	10050	0.01182	10041	0.01081	14017	0.00969	4411	0.00582	8204	0.00799	4515	0.00692	5799	0.00941	7304	0.01077	9723	0.01209	4317	0.00624	8074	0.00774	3028	0.00405	7933	0.01426	8845	0.00846	4795	0.00602	6130	0.00668	16651	0.01278	15802	0.01827	4163	0.00572	6488	0.00561	2181	0.00286	5287	0.00843	8590	0.01046	8016	0.01286	7961	0.00869	7909	0.00953
Coriobacteriia	84998	C	2094	0.00326	1171	0.00132	6126	0.00738	2536	0.00298	1630	0.00175	4580	0.00317	1240	0.00164	2103	0.00205	1085	0.00166	1333	0.00216	1539	0.00227	1023	0.00127	1463	0.00212	1787	0.00171	12480	0.01669	1973	0.00355	713	0.00068	994	0.00125	2740	0.00299	2098	0.00161	2492	0.00288	28896	0.03970	1485	0.00128	4753	0.00623	1133	0.00181	976	0.00119	988	0.00159	1028	0.00112	6676	0.00805
Thermoleophilia	1497346	C	102	0.00016	38	0.00004	70	0.00008	40	0.00005	102	0.00011	131	0.00009	74	0.00010	91	0.00009	51	0.00008	81	0.00013	45	0.00007	64	0.00008	34	0.00005	64	0.00006	26	0.00003	54	0.00010	27	0.00003	58	0.00007	87	0.00009	59	0.00005	208	0.00024	50	0.00007	46	0.00004	14	0.00002	88	0.00014	59	0.00007	107	0.00017	43	0.00005	48	0.00006
Rubrobacteria	84995	C	66	0.00010	28	0.00003	63	0.00008	79	0.00009	168	0.00018	99	0.00007	34	0.00004	75	0.00007	19	0.00003	50	0.00008	38	0.00006	38	0.00005	28	0.00004	59	0.00006	63	0.00008	19	0.00003	48	0.00005	48	0.00006	27	0.00003	70	0.00005	86	0.00010	52	0.00007	101	0.00009	17	0.00002	26	0.00004	62	0.00008	59	0.00009	124	0.00014	46	0.00006
Acidimicrobiia	84992	C	43	0.00007	35	0.00004	58	0.00007	27	0.00003	57	0.00006	59	0.00004	31	0.00004	44	0.00004	0	0.00000	37	0.00006	30	0.00004	60	0.00007	33	0.00005	54	0.00005	0	0.00000	21	0.00004	43	0.00004	53	0.00007	15	0.00002	92	0.00007	96	0.00011	18	0.00002	37	0.00003	10	0.00001	27	0.00004	47	0.00006	56	0.00009	56	0.00006	42	0.00005
Nitriliruptoria	908620	C	15	0.00002	51	0.00006	151	0.00018	77	0.00009	169	0.00018	59	0.00004	0	0.00000	29	0.00003	0	0.00000	18	0.00003	127	0.00019	87	0.00011	14	0.00002	37	0.00004	0	0.00000	13	0.00002	18	0.00002	24	0.00003	17	0.00002	185	0.00014	63	0.00007	0	0.00000	92	0.00008	202	0.00026	57	0.00009	41	0.00005	26	0.00004	43	0.00005	435	0.00052
Cyanophyceae	3028117	C	305	0.00047	702	0.00079	645	0.00078	549	0.00065	1126	0.00121	4784	0.00331	517	0.00068	2353	0.00229	749	0.00115	515	0.00084	383	0.00056	2418	0.00301	947	0.00137	850	0.00081	1037	0.00139	326	0.00059	1368	0.00131	1081	0.00136	958	0.00104	1797	0.00138	1276	0.00148	474	0.00065	702	0.00061	960	0.00126	1127	0.00180	1225	0.00149	904	0.00145	1159	0.00127	442	0.00053
Chloroflexia	32061	C	26	0.00004	80	0.00009	92	0.00011	127	0.00015	343	0.00037	120	0.00008	94	0.00012	93	0.00009	32	0.00005	93	0.00015	94	0.00014	223	0.00028	109	0.00016	166	0.00016	26	0.00003	102	0.00018	149	0.00014	89	0.00011	53	0.00006	594	0.00046	279	0.00032	25	0.00003	142	0.00012	11	0.00001	98	0.00016	134	0.00016	216	0.00035	225	0.00025	107	0.00013
Tepidiformia	2682225	C	24	0.00004	67	0.00008	76	0.00009	87	0.00010	143	0.00015	120	0.00008	41	0.00005	183	0.00018	22	0.00003	40	0.00006	83	0.00012	152	0.00019	54	0.00008	77	0.00007	28	0.00004	69	0.00012	171	0.00016	67	0.00008	48	0.00005	329	0.00025	222	0.00026	17	0.00002	137	0.00012	226	0.00030	53	0.00008	93	0.00011	227	0.00036	126	0.00014	77	0.00009
Dehalococcoidia	301297	C	14	0.00002	24	0.00003	108	0.00013	579	0.00068	205	0.00022	135	0.00009	75	0.00010	211	0.00021	255	0.00039	45	0.00007	51	0.00008	95	0.00012	20	0.00003	52	0.00005	48	0.00006	227	0.00041	49	0.00005	65	0.00008	122	0.00013	102	0.00008	168	0.00019	83	0.00011	393	0.00034	48	0.00006	70	0.00011	58	0.00007	87	0.00014	425	0.00046	388	0.00047
Caldilineae	475962	C	10	0.00002	138	0.00016	78	0.00009	234	0.00028	100	0.00011	388	0.00027	21	0.00003	60	0.00006	70	0.00011	55	0.00009	190	0.00028	247	0.00031	78	0.00011	44	0.00004	0	0.00000	253	0.00045	876	0.00084	41	0.00005	273	0.00030	303	0.00023	212	0.00025	21	0.00003	80	0.00007	31	0.00004	165	0.00026	171	0.00021	477	0.00077	204	0.00022	36	0.00004
Deinococci	188787	C	91	0.00014	323	0.00036	367	0.00044	536	0.00063	528	0.00057	766	0.00053	332	0.00044	391	0.00038	108	0.00017	382	0.00062	731	0.00108	641	0.00080	489	0.00071	587	0.00056	72	0.00010	248	0.00045	595	0.00057	282	0.00035	330	0.00036	1076	0.00083	956	0.00111	89	0.00012	396	0.00034	190	0.00025	325	0.00052	606	0.00074	907	0.00146	1116	0.00122	322	0.00039
Mollicutes	31969	C	46	0.00007	490	0.00055	463	0.00056	612	0.00072	1291	0.00139	2121	0.00147	664	0.00088	851	0.00083	284	0.00044	520	0.00084	643	0.00095	2042	0.00254	585	0.00085	788	0.00076	345	0.00046	436	0.00078	1125	0.00108	349	0.00044	688	0.00075	2331	0.00179	1712	0.00198	222	0.00031	734	0.00063	184	0.00024	683	0.00109	1319	0.00161	1512	0.00243	1147	0.00125	429	0.00052
Thermomicrobia	189775	C	11	0.00002	0	0.00000	14	0.00002	0	0.00000	10	0.00001	11	0.00001	0	0.00000	19	0.00002	0	0.00000	0	0.00000	22	0.00003	16	0.00002	0	0.00000	10	0.00001	0	0.00000	0	0.00000	14	0.00001	14	0.00002	0	0.00000	27	0.00002	39	0.00005	0	0.00000	15	0.00001	0	0.00000	0	0.00000	16	0.00002	18	0.00003	15	0.00002	0	0.00000
Bacteroidia	200643	C	105007	0.16331	82539	0.09290	132769	0.15993	197819	0.23272	165567	0.17820	215008	0.14860	55678	0.07349	355860	0.34660	112460	0.17233	91389	0.14828	61341	0.09043	51441	0.06398	42191	0.06103	237840	0.22799	242494	0.32435	73672	0.13239	51713	0.04945	143585	0.18025	116743	0.12721	66851	0.05129	66923	0.07737	210345	0.28901	54898	0.04745	96825	0.12698	146667	0.23396	133992	0.16314	28134	0.04514	42109	0.04597	214949	0.25904
Flavobacteriia	117743	C	397	0.00062	155	0.00017	901	0.00109	381	0.00045	2469	0.00266	8203	0.00567	546	0.00072	1876	0.00183	1149	0.00176	1591	0.00258	87	0.00013	550	0.00068	474	0.00069	2260	0.00217	661	0.00088	174	0.00031	101	0.00010	1044	0.00131	444	0.00048	284	0.00022	410	0.00047	762	0.00105	410	0.00035	187	0.00025	535	0.00085	348	0.00042	205	0.00033	169	0.00018	459	0.00055
Cytophagia	768503	C	271	0.00042	62	0.00007	625	0.00075	357	0.00042	1680	0.00181	5707	0.00394	326	0.00043	945	0.00092	346	0.00053	1384	0.00225	61	0.00009	261	0.00032	412	0.00060	1670	0.00160	445	0.00060	29	0.00005	82	0.00008	923	0.00116	236	0.00026	200	0.00015	453	0.00052	333	0.00046	56	0.00005	194	0.00025	464	0.00074	386	0.00047	147	0.00024	129	0.00014	166	0.00020
Sphingobacteriia	117747	C	109	0.00017	29	0.00003	288	0.00035	122	0.00014	920	0.00099	1777	0.00123	234	0.00031	456	0.00044	135	0.00021	211	0.00034	34	0.00005	87	0.00011	304	0.00044	604	0.00058	160	0.00021	26	0.00005	74	0.00007	280	0.00035	203	0.00022	77	0.00006	160	0.00018	271	0.00037	25	0.00002	31	0.00004	188	0.00030	125	0.00015	36	0.00006	70	0.00008	85	0.00010
Chitinophagia	1853228	C	51	0.00008	12	0.00001	122	0.00015	65	0.00008	226	0.00024	606	0.00042	56	0.00007	206	0.00020	80	0.00012	130	0.00021	28	0.00004	33	0.00004	72	0.00010	343	0.00033	71	0.00009	10	0.00002	22	0.00002	162	0.00020	34	0.00004	50	0.00004	46	0.00005	102	0.00014	16	0.00001	12	0.00002	119	0.00019	76	0.00009	21	0.00003	18	0.00002	56	0.00007
Chlorobiia	191410	C	55	0.00009	0	0.00000	53	0.00006	25	0.00003	76	0.00008	228	0.00016	18	0.00002	50	0.00005	16	0.00002	46	0.00007	0	0.00000	0	0.00000	21	0.00003	72	0.00007	33	0.00004	0	0.00000	0	0.00000	26	0.00003	11	0.00001	0	0.00000	23	0.00003	33	0.00005	0	0.00000	0	0.00000	22	0.00004	15	0.00002	0	0.00000	0	0.00000	34	0.00004
Rhodothermia	1853222	C	37	0.00006	0	0.00000	25	0.00003	0	0.00000	28	0.00003	64	0.00004	0	0.00000	14	0.00001	0	0.00000	12	0.00002	0	0.00000	0	0.00000	0	0.00000	40	0.00004	15	0.00002	0	0.00000	0	0.00000	18	0.00002	0	0.00000	0	0.00000	10	0.00001	0	0.00000	0	0.00000	0	0.00000	0	0.00000	0	0.00000	0	0.00000	0	0.00000	15	0.00002
Balneolia	1853221	C	13	0.00002	22	0.00002	0	0.00000	19	0.00002	0	0.00000	282	0.00019	0	0.00000	100	0.00010	15	0.00002	13	0.00002	0	0.00000	0	0.00000	38	0.00005	0	0.00000	87	0.00012	0	0.00000	0	0.00000	48	0.00006	12	0.00001	15	0.00001	0	0.00000	25	0.00003	0	0.00000	56	0.00007	46	0.00007	0	0.00000	0	0.00000	13	0.00001	0	0.00000
Gemmatimonadetes	219685	C	33	0.00005	0	0.00000	18	0.00002	0	0.00000	11	0.00001	13	0.00001	0	0.00000	0	0.00000	0	0.00000	0	0.00000	0	0.00000	0	0.00000	0	0.00000	10	0.00001	10	0.00001	0	0.00000	0	0.00000	0	0.00000	0	0.00000	0	0.00000	0	0.00000	0	0.00000	0	0.00000	0	0.00000	10	0.00002	0	0.00000	0	0.00000	0	0.00000	19	0.00002
Gammaproteobacteria	1236	C	16327	0.02539	2718	0.00306	6220	0.00749	3352	0.00394	36088	0.03884	8405	0.00581	1901	0.00251	6116	0.00596	1000	0.00153	2897	0.00470	971	0.00143	888	0.00110	2556	0.00370	5329	0.00511	18887	0.02526	1371	0.00246	898	0.00086	5642	0.00708	2847	0.00310	1020	0.00078	2048	0.00237	9618	0.01322	22624	0.01956	4316	0.00566	7286	0.01162	7104	0.00865	2458	0.00394	2485	0.00271	2719	0.00328
Alphaproteobacteria	28211	C	3325	0.00517	211	0.00024	2111	0.00254	1751	0.00206	2399	0.00258	4532	0.00313	1026	0.00135	2065	0.00201	710	0.00109	1227	0.00199	304	0.00045	297	0.00037	564	0.00082	2667	0.00256	1073	0.00144	189	0.00034	90	0.00009	1013	0.00127	528	0.00058	306	0.00023	1226	0.00142	1651	0.00227	409	0.00035	379	0.00050	959	0.00153	412	0.00050	144	0.00023	225	0.00025	1363	0.00164
Betaproteobacteria	28216	C	2786	0.00433	365	0.00041	1664	0.00200	1129	0.00133	1332	0.00143	3543	0.00245	746	0.00098	2034	0.00198	410	0.00063	1080	0.00175	280	0.00041	247	0.00031	547	0.00079	1731	0.00166	1519	0.00203	238	0.00043	397	0.00038	1081	0.00136	916	0.00100	287	0.00022	722	0.00083	1437	0.00197	399	0.00034	536	0.00070	805	0.00128	583	0.00071	127	0.00020	301	0.00033	1424	0.00172
Desulfovibrionia	3031449	C	1271	0.00198	207	0.00023	1363	0.00164	1814	0.00213	322	0.00035	451	0.00031	61	0.00008	526	0.00051	55	0.00008	143	0.00023	153	0.00023	113	0.00014	64	0.00009	714	0.00068	238	0.00032	17	0.00003	0	0.00000	2347	0.00295	67	0.00007	18	0.00001	113	0.00013	187	0.00026	331	0.00029	705	0.00092	772	0.00123	564	0.00069	308	0.00049	77	0.00008	1140	0.00137
Desulfuromonadia	3031651	C	140	0.00022	10	0.00001	87	0.00010	51	0.00006	77	0.00008	222	0.00015	41	0.00005	170	0.00017	14	0.00002	64	0.00010	0	0.00000	16	0.00002	24	0.00003	151	0.00014	54	0.00007	0	0.00000	0	0.00000	91	0.00011	31	0.00003	18	0.00001	43	0.00005	61	0.00008	14	0.00001	47	0.00006	49	0.00008	20	0.00002	0	0.00000	11	0.00001	61	0.00007
Desulfobacteria	3024418	C	55	0.00009	0	0.00000	36	0.00004	51	0.00006	65	0.00007	130	0.00009	20	0.00003	35	0.00003	12	0.00002	34	0.00006	0	0.00000	0	0.00000	24	0.00003	55	0.00005	14	0.00002	0	0.00000	0	0.00000	16	0.00002	16	0.00002	0	0.00000	23	0.00003	30	0.00004	0	0.00000	0	0.00000	14	0.00002	0	0.00000	0	0.00000	0	0.00000	28	0.00003
Desulfobulbia	3031451	C	34	0.00005	0	0.00000	33	0.00004	16	0.00002	34	0.00004	80	0.00006	16	0.00002	14	0.00001	0	0.00000	23	0.00004	0	0.00000	0	0.00000	13	0.00002	39	0.00004	0	0.00000	0	0.00000	0	0.00000	10	0.00001	13	0.00001	0	0.00000	0	0.00000	15	0.00002	0	0.00000	0	0.00000	19	0.00003	0	0.00000	0	0.00000	0	0.00000	19	0.00002
Planctomycetia	203683	C	129	0.00020	11	0.00001	137	0.00017	73	0.00009	177	0.00019	337	0.00023	71	0.00009	138	0.00013	15	0.00002	80	0.00013	14	0.00002	21	0.00003	42	0.00006	170	0.00016	79	0.00011	14	0.00003	0	0.00000	60	0.00008	45	0.00005	13	0.00001	53	0.00006	87	0.00012	12	0.00001	17	0.00002	53	0.00008	41	0.00005	0	0.00000	0	0.00000	90	0.00011
Phycisphaerae	666505	C	30	0.00005	0	0.00000	0	0.00000	0	0.00000	23	0.00002	44	0.00003	12	0.00002	25	0.00002	0	0.00000	0	0.00000	0	0.00000	0	0.00000	0	0.00000	27	0.00003	0	0.00000	0	0.00000	0	0.00000	0	0.00000	0	0.00000	0	0.00000	0	0.00000	0	0.00000	0	0.00000	0	0.00000	0	0.00000	0	0.00000	0	0.00000	0	0.00000	12	0.00001
Chlamydiia	204429	C	120	0.00019	482	0.00054	109	0.00013	20	0.00002	41	0.00004	546	0.00038	260	0.00034	110	0.00011	0	0.00000	198	0.00032	0	0.00000	151	0.00019	90	0.00013	61	0.00006	788	0.00105	17	0.00003	78	0.00007	13855	0.01739	255	0.00028	837	0.00064	0	0.00000	195	0.00027	499	0.00043	14	0.00002	95	0.00015	40	0.00005	84	0.00013	49	0.00005	0	0.00000
Verrucomicrobiae	203494	C	46	0.00007	10	0.00001	71	0.00009	40	0.00005	101	0.00011	167	0.00012	63	0.00008	52	0.00005	13	0.00002	49	0.00008	0	0.00000	16	0.00002	23	0.00003	137	0.00013	74	0.00010	11	0.00002	0	0.00000	22	0.00003	53	0.00006	23	0.00002	40	0.00005	58	0.00008	12	0.00001	0	0.00000	41	0.00007	20	0.00002	0	0.00000	14	0.00002	23	0.00003
Opitutae	414999	C	48	0.00007	0	0.00000	27	0.00003	18	0.00002	32	0.00003	99	0.00007	19	0.00003	53	0.00005	0	0.00000	10	0.00002	0	0.00000	0	0.00000	0	0.00000	30	0.00003	14	0.00002	0	0.00000	0	0.00000	16	0.00002	0	0.00000	0	0.00000	27	0.00003	24	0.00003	0	0.00000	0	0.00000	17	0.00003	26	0.00003	0	0.00000	0	0.00000	15	0.00002
Tichowtungiia	2907184	C	14	0.00002	0	0.00000	0	0.00000	0	0.00000	0	0.00000	0	0.00000	0	0.00000	0	0.00000	0	0.00000	0	0.00000	0	0.00000	0	0.00000	0	0.00000	0	0.00000	0	0.00000	0	0.00000	0	0.00000	0	0.00000	0	0.00000	0	0.00000	0	0.00000	0	0.00000	0	0.00000	0	0.00000	0	0.00000	0	0.00000	0	0.00000	0	0.00000	0	0.00000
Myxococcia	32015	C	239	0.00037	0	0.00000	174	0.00021	92	0.00011	102	0.00011	215	0.00015	64	0.00008	144	0.00014	19	0.00003	58	0.00009	19	0.00003	0	0.00000	33	0.00005	171	0.00016	58	0.00008	0	0.00000	0	0.00000	44	0.00006	35	0.00004	0	0.00000	54	0.00006	109	0.00015	18	0.00002	14	0.00002	73	0.00012	34	0.00004	0	0.00000	0	0.00000	104	0.00013
Terriglobia	204432	C	64	0.00010	0	0.00000	29	0.00003	23	0.00003	54	0.00006	88	0.00006	25	0.00003	61	0.00006	0	0.00000	34	0.00006	0	0.00000	0	0.00000	16	0.00002	60	0.00006	19	0.00003	0	0.00000	0	0.00000	16	0.00002	0	0.00000	0	0.00000	14	0.00002	19	0.00003	0	0.00000	0	0.00000	20	0.00003	0	0.00000	0	0.00000	0	0.00000	16	0.00002
Holophagae	533205	C	42	0.00007	0	0.00000	28	0.00003	12	0.00001	20	0.00002	70	0.00005	11	0.00001	21	0.00002	0	0.00000	31	0.00005	0	0.00000	0	0.00000	13	0.00002	37	0.00004	13	0.00002	0	0.00000	0	0.00000	0	0.00000	0	0.00000	0	0.00000	10	0.00001	11	0.00002	0	0.00000	0	0.00000	0	0.00000	0	0.00000	0	0.00000	0	0.00000	23	0.00003
Blastocatellia	1562566	C	13	0.00002	0	0.00000	0	0.00000	0	0.00000	0	0.00000	0	0.00000	0	0.00000	0	0.00000	0	0.00000	0	0.00000	0	0.00000	0	0.00000	0	0.00000	0	0.00000	0	0.00000	0	0.00000	0	0.00000	0	0.00000	0	0.00000	0	0.00000	0	0.00000	0	0.00000	0	0.00000	0	0.00000	0	0.00000	0	0.00000	0	0.00000	0	0.00000	0	0.00000
Vicinamibacteria	1813735	C	12	0.00002	0	0.00000	0	0.00000	0	0.00000	22	0.00002	25	0.00002	0	0.00000	14	0.00001	0	0.00000	0	0.00000	0	0.00000	0	0.00000	0	0.00000	11	0.00001	0	0.00000	0	0.00000	0	0.00000	0	0.00000	0	0.00000	0	0.00000	0	0.00000	0	0.00000	0	0.00000	0	0.00000	10	0.00002	0	0.00000	0	0.00000	0	0.00000	0	0.00000
Synergistia	649775	C	109	0.00017	17	0.00002	65	0.00008	42	0.00005	78	0.00008	141	0.00010	39	0.00005	24	0.00002	28	0.00004	45	0.00007	30	0.00004	13	0.00002	14	0.00002	82	0.00008	31	0.00004	0	0.00000	0	0.00000	45	0.00006	31	0.00003	23	0.00002	18	0.00002	60	0.00008	18	0.00002	0	0.00000	18	0.00003	22	0.00003	0	0.00000	10	0.00001	33	0.00004
Spirochaetia	203692	C	106	0.00016	32	0.00004	1892	0.00228	303	0.00036	3006	0.00324	11277	0.00779	1277	0.00169	170	0.00017	57	0.00009	1273	0.00207	184	0.00027	1185	0.00147	903	0.00131	2099	0.00201	1215	0.00163	18	0.00003	108	0.00010	3509	0.00440	554	0.00060	786	0.00060	1028	0.00119	421	0.00058	48	0.00004	171	0.00022	219	0.00035	1086	0.00132	410	0.00066	97	0.00011	74	0.00009
Epsilonproteobacteria	3031852	C	98	0.00015	60	0.00007	5717	0.00689	111	0.00013	300	0.00032	520	0.00036	91	0.00012	120	0.00012	23	0.00004	156	0.00025	89	0.00013	288	0.00036	91	0.00013	214	0.00021	258	0.00035	23	0.00004	104	0.00010	2874	0.00361	66	0.00007	41	0.00003	58	0.00007	123	0.00017	104	0.00009	17	0.00002	104	0.00017	71	0.00009	194	0.00031	59	0.00006	65	0.00008
Fusobacteriia	203490	C	53	0.00008	0	0.00000	43	0.00005	38	0.00004	253	0.00027	126	0.00009	54	0.00007	81	0.00008	16	0.00002	38	0.00006	0	0.00000	0	0.00000	66	0.00010	312	0.00030	53	0.00007	0	0.00000	14	0.00001	39	0.00005	47	0.00005	17	0.00001	21	0.00002	103	0.00014	26	0.00002	44	0.00006	23	0.00004	25	0.00003	0	0.00000	14	0.00002	21	0.00003
Nitrospiria	203693	C	30	0.00005	0	0.00000	24	0.00003	32	0.00004	13	0.00001	40	0.00003	10	0.00001	19	0.00002	0	0.00000	0	0.00000	0	0.00000	0	0.00000	0	0.00000	27	0.00003	0	0.00000	0	0.00000	0	0.00000	26	0.00003	10	0.00001	0	0.00000	0	0.00000	11	0.00002	0	0.00000	13	0.00002	28	0.00004	11	0.00001	0	0.00000	0	0.00000	28	0.00003
Deltaproteobacteria	28221	C	13	0.00002	0	0.00000	27	0.00003	0	0.00000	0	0.00000	25	0.00002	0	0.00000	0	0.00000	0	0.00000	0	0.00000	10	0.00001	0	0.00000	0	0.00000	15	0.00001	0	0.00000	0	0.00000	0	0.00000	133	0.00017	0	0.00000	0	0.00000	0	0.00000	10	0.00001	0	0.00000	0	0.00000	0	0.00000	0	0.00000	0	0.00000	0	0.00000	0	0.00000
Thermotogae	188708	C	11	0.00002	0	0.00000	23	0.00003	11	0.00001	59	0.00006	74	0.00005	10	0.00001	19	0.00002	0	0.00000	16	0.00003	0	0.00000	0	0.00000	0	0.00000	45	0.00004	10	0.00001	0	0.00000	0	0.00000	0	0.00000	11	0.00001	11	0.00001	0	0.00000	0	0.00000	0	0.00000	0	0.00000	18	0.00003	0	0.00000	0	0.00000	0	0.00000	0	0.00000
Bdellovibrionia	3031418	C	10	0.00002	0	0.00000	10	0.00001	10	0.00001	11	0.00001	18	0.00001	0	0.00000	12	0.00001	0	0.00000	0	0.00000	0	0.00000	0	0.00000	0	0.00000	15	0.00001	0	0.00000	0	0.00000	0	0.00000	12	0.00002	0	0.00000	0	0.00000	0	0.00000	0	0.00000	0	0.00000	0	0.00000	0	0.00000	0	0.00000	0	0.00000	0	0.00000	0	0.00000
Mammalia	40674	C	574	0.00089	150	0.00017	646	0.00078	905	0.00106	517	0.00056	1639	0.00113	598	0.00079	1317	0.00128	1043	0.00160	689	0.00112	124	0.00018	372	0.00046	631	0.00091	915	0.00088	663	0.00089	503	0.00090	406	0.00039	660	0.00083	664	0.00072	536	0.00041	474	0.00055	854	0.00117	121	0.00010	211	0.00028	704	0.00112	389	0.00047	205	0.00033	292	0.00032	572	0.00069
Halobacteria	183963	C	175	0.00027	12	0.00001	117	0.00014	71	0.00008	109	0.00012	200	0.00014	51	0.00007	132	0.00013	22	0.00003	75	0.00012	21	0.00003	0	0.00000	32	0.00005	145	0.00014	49	0.00007	0	0.00000	0	0.00000	55	0.00007	24	0.00003	16	0.00001	42	0.00005	104	0.00014	0	0.00000	15	0.00002	42	0.00007	19	0.00002	0	0.00000	0	0.00000	88	0.00011
Methanomicrobia	224756	C	29	0.00005	0	0.00000	18	0.00002	23	0.00003	30	0.00003	55	0.00004	20	0.00003	28	0.00003	0	0.00000	15	0.00002	0	0.00000	0	0.00000	0	0.00000	51	0.00005	14	0.00002	0	0.00000	0	0.00000	10	0.00001	10	0.00001	0	0.00000	13	0.00002	12	0.00002	0	0.00000	0	0.00000	13	0.00002	0	0.00000	0	0.00000	11	0.00001	13	0.00002
Thermococci	183968	C	11	0.00002	0	0.00000	0	0.00000	11	0.00001	26	0.00003	22	0.00002	0	0.00000	20	0.00002	0	0.00000	10	0.00002	0	0.00000	0	0.00000	0	0.00000	27	0.00003	0	0.00000	0	0.00000	0	0.00000	0	0.00000	0	0.00000	0	0.00000	0	0.00000	0	0.00000	0	0.00000	0	0.00000	0	0.00000	0	0.00000	0	0.00000	0	0.00000	13	0.00002
Stelpaviricetes	2732507	C	67	0.00010	72	0.00008	28	0.00003	22	0.00003	592	0.00064	70	0.00005	41	0.00005	0	0.00000	71	0.00011	134	0.00022	13	0.00002	10	0.00001	30	0.00004	367	0.00035	0	0.00000	50	0.00009	296	0.00028	469	0.00059	29	0.00003	42	0.00003	434	0.00050	30	0.00004	132	0.00011	0	0.00000	0	0.00000	34	0.00004	30	0.00005	0	0.00000	24	0.00003
Pisoniviricetes	2732506	C	33	0.00005	0	0.00000	26	0.00003	43	0.00005	31	0.00003	97	0.00007	0	0.00000	521	0.00051	0	0.00000	0	0.00000	35	0.00005	0	0.00000	0	0.00000	0	0.00000	27	0.00004	26	0.00005	25	0.00002	57	0.00007	12	0.00001	17	0.00001	29	0.00003	0	0.00000	145	0.00013	0	0.00000	32	0.00005	92	0.00011	48	0.00008	0	0.00000	0	0.00000
Caudoviricetes	2731619	C	80	0.00012	631	0.00071	407	0.00049	1398	0.00164	175	0.00019	404	0.00028	116	0.00015	78	0.00008	101	0.00015	181	0.00029	156	0.00023	48	0.00006	113	0.00016	430	0.00041	55	0.00007	211	0.00038	22	0.00002	128	0.00016	136	0.00015	44	0.00003	59	0.00007	132	0.00018	62	0.00005	90	0.00012	57	0.00009	72	0.00009	22	0.00004	20	0.00002	21	0.00003
Limnochordia	1676648	C	0	0.00000	43	0.00005	59	0.00007	39	0.00005	50	0.00005	86	0.00006	34	0.00004	43	0.00004	10	0.00002	91	0.00015	49	0.00007	92	0.00011	49	0.00007	29	0.00003	12	0.00002	40	0.00007	79	0.00008	50	0.00006	19	0.00002	152	0.00012	186	0.00022	0	0.00000	43	0.00004	0	0.00000	20	0.00003	51	0.00006	93	0.00015	47	0.00005	31	0.00004
Anaerolineae	292625	C	0	0.00000	397	0.00045	60	0.00007	378	0.00044	73	0.00008	95	0.00007	51	0.00007	211	0.00021	183	0.00028	111	0.00018	404	0.00060	380	0.00047	82	0.00012	200	0.00019	44	0.00006	445	0.00080	254	0.00024	70	0.00009	241	0.00026	1202	0.00092	446	0.00052	13	0.00002	123	0.00011	0	0.00000	117	0.00019	241	0.00029	181	0.00029	191	0.00021	50	0.00006
Candidatus Thermofonsia	2364196	C	0	0.00000	26	0.00003	35	0.00004	30	0.00004	55	0.00006	33	0.00002	20	0.00003	37	0.00004	10	0.00002	28	0.00005	47	0.00007	62	0.00008	27	0.00004	27	0.00003	0	0.00000	41	0.00007	80	0.00008	19	0.00002	24	0.00003	156	0.00012	67	0.00008	0	0.00000	70	0.00006	10	0.00001	20	0.00003	40	0.00005	88	0.00014	82	0.00009	22	0.00003
Ardenticatenia	1382928	C	0	0.00000	22	0.00002	20	0.00002	25	0.00003	59	0.00006	97	0.00007	23	0.00003	25	0.00002	0	0.00000	20	0.00003	18	0.00003	66	0.00008	14	0.00002	31	0.00003	0	0.00000	26	0.00005	54	0.00005	21	0.00003	15	0.00002	84	0.00006	68	0.00008	0	0.00000	29	0.00003	0	0.00000	19	0.00003	46	0.00006	52	0.00008	80	0.00009	25	0.00003
Fimbriimonadia	1663419	C	0	0.00000	12	0.00001	11	0.00001	17	0.00002	33	0.00004	21	0.00001	0	0.00000	0	0.00000	16	0.00002	10	0.00002	18	0.00003	31	0.00004	21	0.00003	33	0.00003	0	0.00000	14	0.00003	39	0.00004	0	0.00000	0	0.00000	79	0.00006	65	0.00008	0	0.00000	31	0.00003	0	0.00000	0	0.00000	44	0.00005	55	0.00009	39	0.00004	18	0.00002
Armatimonadia	1042312	C	0	0.00000	10	0.00001	15	0.00002	11	0.00001	21	0.00002	21	0.00001	0	0.00000	15	0.00001	0	0.00000	13	0.00002	19	0.00003	34	0.00004	0	0.00000	0	0.00000	0	0.00000	13	0.00002	29	0.00003	13	0.00002	10	0.00001	41	0.00003	39	0.00005	0	0.00000	29	0.00003	0	0.00000	12	0.00002	25	0.00003	17	0.00003	12	0.00001	17	0.00002
Ktedonobacteria	388447	C	0	0.00000	0	0.00000	12	0.00001	0	0.00000	0	0.00000	10	0.00001	0	0.00000	0	0.00000	0	0.00000	0	0.00000	0	0.00000	0	0.00000	0	0.00000	19	0.00002	0	0.00000	0	0.00000	0	0.00000	0	0.00000	0	0.00000	21	0.00002	19	0.00002	0	0.00000	11	0.00001	0	0.00000	0	0.00000	0	0.00000	0	0.00000	10	0.00001	0	0.00000
Thermoflexia	1495646	C	0	0.00000	0	0.00000	15	0.00002	0	0.00000	0	0.00000	0	0.00000	0	0.00000	0	0.00000	0	0.00000	0	0.00000	0	0.00000	0	0.00000	0	0.00000	0	0.00000	0	0.00000	0	0.00000	0	0.00000	0	0.00000	0	0.00000	0	0.00000	48	0.00006	0	0.00000	0	0.00000	0	0.00000	0	0.00000	0	0.00000	0	0.00000	0	0.00000	0	0.00000
Candidatus Izimaplasma	1912503	C	0	0.00000	0	0.00000	12	0.00001	13	0.00002	43	0.00005	32	0.00002	28	0.00004	106	0.00010	0	0.00000	69	0.00011	10	0.00001	46	0.00006	18	0.00003	28	0.00003	0	0.00000	16	0.00003	35	0.00003	0	0.00000	25	0.00003	54	0.00004	67	0.00008	348	0.00048	15	0.00001	0	0.00000	25	0.00004	15	0.00002	34	0.00005	18	0.00002	10	0.00001
Fibrobacteria	204430	C	0	0.00000	0	0.00000	19	0.00002	0	0.00000	48	0.00005	17	0.00001	0	0.00000	0	0.00000	0	0.00000	0	0.00000	0	0.00000	0	0.00000	0	0.00000	72	0.00007	11	0.00001	0	0.00000	0	0.00000	28	0.00004	0	0.00000	0	0.00000	75	0.00009	0	0.00000	0	0.00000	0	0.00000	0	0.00000	15	0.00002	25	0.00004	0	0.00000	0	0.00000
Acidithiobacillia	1807140	C	0	0.00000	0	0.00000	12	0.00001	0	0.00000	17	0.00002	14	0.00001	0	0.00000	17	0.00002	0	0.00000	0	0.00000	0	0.00000	0	0.00000	0	0.00000	18	0.00002	0	0.00000	0	0.00000	0	0.00000	12	0.00002	0	0.00000	0	0.00000	0	0.00000	0	0.00000	0	0.00000	0	0.00000	0	0.00000	0	0.00000	0	0.00000	0	0.00000	0	0.00000
Deferribacteres	68337	C	0	0.00000	0	0.00000	223	0.00027	0	0.00000	35	0.00004	40	0.00003	0	0.00000	0	0.00000	0	0.00000	0	0.00000	0	0.00000	0	0.00000	0	0.00000	28	0.00003	16	0.00002	0	0.00000	0	0.00000	44	0.00006	0	0.00000	0	0.00000	0	0.00000	0	0.00000	26	0.00002	0	0.00000	0	0.00000	0	0.00000	0	0.00000	0	0.00000	0	0.00000
Methanobacteria	183925	C	0	0.00000	0	0.00000	101	0.00012	27	0.00003	93	0.00010	1404	0.00097	25	0.00003	35	0.00003	0	0.00000	83	0.00013	60	0.00009	141	0.00018	0	0.00000	327	0.00031	264	0.00035	0	0.00000	0	0.00000	3065	0.00385	113	0.00012	1270	0.00097	0	0.00000	92	0.00013	0	0.00000	11	0.00001	14	0.00002	69	0.00008	76	0.00012	30	0.00003	38	0.00005
Thermoplasmata	183967	C	0	0.00000	0	0.00000	233	0.00028	18	0.00002	266	0.00029	446	0.00031	146	0.00019	0	0.00000	95	0.00015	99	0.00016	37	0.00005	87	0.00011	309	0.00045	136	0.00013	263	0.00035	0	0.00000	63	0.00006	431	0.00054	18	0.00002	756	0.00058	135	0.00016	58	0.00008	17	0.00001	0	0.00000	78	0.00012	101	0.00012	68	0.00011	38	0.00004	0	0.00000
Thermoprotei	183924	C	0	0.00000	0	0.00000	17	0.00002	0	0.00000	0	0.00000	13	0.00001	0	0.00000	19	0.00002	0	0.00000	0	0.00000	0	0.00000	0	0.00000	0	0.00000	0	0.00000	0	0.00000	0	0.00000	0	0.00000	0	0.00000	0	0.00000	0	0.00000	0	0.00000	0	0.00000	0	0.00000	0	0.00000	0	0.00000	0	0.00000	0	0.00000	0	0.00000	17	0.00002
Thermodesulfobacteria	67799	C	0	0.00000	0	0.00000	0	0.00000	16	0.00002	0	0.00000	19	0.00001	0	0.00000	0	0.00000	0	0.00000	0	0.00000	0	0.00000	0	0.00000	11	0.00002	0	0.00000	0	0.00000	0	0.00000	0	0.00000	0	0.00000	0	0.00000	0	0.00000	0	0.00000	0	0.00000	0	0.00000	0	0.00000	0	0.00000	0	0.00000	0	0.00000	0	0.00000	0	0.00000
Chthonomonadetes	1077257	C	0	0.00000	0	0.00000	0	0.00000	0	0.00000	10	0.00001	0	0.00000	0	0.00000	0	0.00000	0	0.00000	0	0.00000	0	0.00000	16	0.00002	0	0.00000	0	0.00000	0	0.00000	0	0.00000	0	0.00000	0	0.00000	0	0.00000	0	0.00000	0	0.00000	0	0.00000	0	0.00000	0	0.00000	0	0.00000	0	0.00000	0	0.00000	0	0.00000	0	0.00000
Saprospiria	1937959	C	0	0.00000	0	0.00000	0	0.00000	0	0.00000	47	0.00005	89	0.00006	0	0.00000	37	0.00004	0	0.00000	0	0.00000	0	0.00000	0	0.00000	0	0.00000	29	0.00003	0	0.00000	0	0.00000	0	0.00000	0	0.00000	0	0.00000	0	0.00000	0	0.00000	0	0.00000	0	0.00000	0	0.00000	0	0.00000	0	0.00000	0	0.00000	0	0.00000	0	0.00000
Candidatus Saccharimonadia	2093818	C	0	0.00000	0	0.00000	0	0.00000	0	0.00000	19	0.00002	30	0.00002	0	0.00000	0	0.00000	0	0.00000	17	0.00003	0	0.00000	0	0.00000	17	0.00002	77	0.00007	0	0.00000	0	0.00000	0	0.00000	19	0.00002	21	0.00002	0	0.00000	0	0.00000	0	0.00000	0	0.00000	0	0.00000	0	0.00000	0	0.00000	0	0.00000	0	0.00000	0	0.00000
Aquificae	187857	C	0	0.00000	0	0.00000	0	0.00000	0	0.00000	16	0.00002	41	0.00003	12	0.00002	0	0.00000	0	0.00000	0	0.00000	0	0.00000	0	0.00000	0	0.00000	12	0.00001	0	0.00000	0	0.00000	0	0.00000	0	0.00000	0	0.00000	0	0.00000	0	0.00000	0	0.00000	0	0.00000	0	0.00000	0	0.00000	0	0.00000	0	0.00000	0	0.00000	0	0.00000
Endomicrobiia	447830	C	0	0.00000	0	0.00000	0	0.00000	0	0.00000	10	0.00001	10	0.00001	0	0.00000	0	0.00000	0	0.00000	0	0.00000	0	0.00000	0	0.00000	0	0.00000	0	0.00000	0	0.00000	0	0.00000	0	0.00000	0	0.00000	0	0.00000	0	0.00000	0	0.00000	0	0.00000	0	0.00000	0	0.00000	0	0.00000	0	0.00000	0	0.00000	0	0.00000	0	0.00000
Ignavibacteria	795747	C	0	0.00000	0	0.00000	0	0.00000	0	0.00000	0	0.00000	42	0.00003	0	0.00000	0	0.00000	0	0.00000	0	0.00000	0	0.00000	0	0.00000	0	0.00000	0	0.00000	0	0.00000	0	0.00000	0	0.00000	0	0.00000	0	0.00000	0	0.00000	0	0.00000	0	0.00000	0	0.00000	0	0.00000	0	0.00000	0	0.00000	0	0.00000	0	0.00000	0	0.00000
Desulfobaccia	3031647	C	0	0.00000	0	0.00000	0	0.00000	0	0.00000	0	0.00000	15	0.00001	0	0.00000	0	0.00000	0	0.00000	0	0.00000	0	0.00000	0	0.00000	0	0.00000	0	0.00000	0	0.00000	0	0.00000	0	0.00000	0	0.00000	0	0.00000	0	0.00000	0	0.00000	0	0.00000	0	0.00000	0	0.00000	0	0.00000	0	0.00000	0	0.00000	0	0.00000	0	0.00000
Bacteriovoracia	3031419	C	0	0.00000	0	0.00000	0	0.00000	0	0.00000	0	0.00000	10	0.00001	0	0.00000	0	0.00000	0	0.00000	0	0.00000	0	0.00000	0	0.00000	0	0.00000	13	0.00001	0	0.00000	0	0.00000	0	0.00000	0	0.00000	0	0.00000	0	0.00000	0	0.00000	0	0.00000	0	0.00000	0	0.00000	0	0.00000	0	0.00000	0	0.00000	0	0.00000	0	0.00000
Methanococci	183939	C	0	0.00000	0	0.00000	0	0.00000	0	0.00000	0	0.00000	15	0.00001	0	0.00000	0	0.00000	0	0.00000	0	0.00000	0	0.00000	0	0.00000	0	0.00000	0	0.00000	0	0.00000	0	0.00000	0	0.00000	0	0.00000	0	0.00000	0	0.00000	0	0.00000	0	0.00000	0	0.00000	0	0.00000	0	0.00000	0	0.00000	0	0.00000	0	0.00000	0	0.00000
Tectiliviricetes	2732529	C	0	0.00000	0	0.00000	0	0.00000	0	0.00000	0	0.00000	25	0.00002	77	0.00010	0	0.00000	0	0.00000	0	0.00000	0	0.00000	0	0.00000	0	0.00000	0	0.00000	0	0.00000	15	0.00003	0	0.00000	0	0.00000	0	0.00000	0	0.00000	0	0.00000	0	0.00000	0	0.00000	0	0.00000	0	0.00000	0	0.00000	0	0.00000	0	0.00000	0	0.00000
Elusimicrobia	641853	C	0	0.00000	0	0.00000	0	0.00000	0	0.00000	0	0.00000	0	0.00000	0	0.00000	0	0.00000	0	0.00000	0	0.00000	0	0.00000	0	0.00000	0	0.00000	79	0.00008	0	0.00000	0	0.00000	0	0.00000	0	0.00000	0	0.00000	0	0.00000	0	0.00000	0	0.00000	0	0.00000	0	0.00000	0	0.00000	0	0.00000	0	0.00000	0	0.00000	0	0.00000
