name	taxonomy_id	taxonomy_lvl	2827.bracken_num	2827.bracken_frac	2828.bracken_num	2828.bracken_frac	2830.bracken_num	2830.bracken_frac	2831.bracken_num	2831.bracken_frac	2832.bracken_num	2832.bracken_frac	2833.bracken_num	2833.bracken_frac	2834.bracken_num	2834.bracken_frac	2836.bracken_num	2836.bracken_frac	2837.bracken_num	2837.bracken_frac	2839.bracken_num	2839.bracken_frac	2840.bracken_num	2840.bracken_frac	2841.bracken_num	2841.bracken_frac	2842.bracken_num	2842.bracken_frac	2845.bracken_num	2845.bracken_frac	2846.bracken_num	2846.bracken_frac	2847.bracken_num	2847.bracken_frac	2850.bracken_num	2850.bracken_frac	2853.bracken_num	2853.bracken_frac	2854.bracken_num	2854.bracken_frac	2855.bracken_num	2855.bracken_frac	2857.bracken_num	2857.bracken_frac	2858.bracken_num	2858.bracken_frac	2859.bracken_num	2859.bracken_frac	2862.bracken_num	2862.bracken_frac	2866.bracken_num	2866.bracken_frac	2867.bracken_num	2867.bracken_frac	2870.bracken_num	2870.bracken_frac	2871.bracken_num	2871.bracken_frac	2872.bracken_num	2872.bracken_frac
Selenomonadales	909929	O	205907	0.32034	27439	0.03091	56693	0.06831	44345	0.05222	9336	0.01005	34914	0.02414	18385	0.02428	18824	0.01834	25835	0.03960	22666	0.03680	16748	0.02470	7847	0.00976	18009	0.02606	30026	0.02879	96800	0.12953	26372	0.04743	31435	0.03007	96292	0.12090	38563	0.04203	9653	0.00741	26366	0.03049	73889	0.10157	182357	0.15794	135128	0.17724	24282	0.03875	44112	0.05373	31175	0.05005	44721	0.04883	116720	0.14071
Veillonellales	1843489	O	199845	0.31091	136505	0.15379	91291	0.11000	25699	0.03027	9666	0.01041	18451	0.01276	103238	0.13633	112222	0.10933	115400	0.17689	30124	0.04890	68681	0.10128	28336	0.03526	59232	0.08571	45272	0.04341	91899	0.12297	81082	0.14582	304192	0.29095	81498	0.10233	91628	0.09986	26471	0.02031	46144	0.05337	171790	0.23614	320325	0.27743	208865	0.27396	61352	0.09791	26965	0.03284	39917	0.06408	15616	0.01705	129470	0.15608
Acidaminococcales	1843488	O	16788	0.02612	5514	0.00621	5536	0.00667	4000	0.00471	12415	0.01337	53978	0.03732	3942	0.00521	3432	0.00334	6378	0.00978	16302	0.02646	2451	0.00361	14979	0.01864	6224	0.00901	20904	0.02004	11889	0.01591	1463	0.00263	13625	0.01303	17808	0.02236	17308	0.01886	4596	0.00353	18352	0.02123	26791	0.03683	20649	0.01788	7124	0.00934	6172	0.00985	23920	0.02913	6811	0.01093	15494	0.01692	24010	0.02894
Lactobacillales	186826	O	40196	0.06253	541927	0.61053	348071	0.41941	415896	0.48980	438253	0.47193	389652	0.26939	405001	0.53481	218814	0.21318	211508	0.32421	191405	0.31073	433674	0.63953	569748	0.70895	379941	0.54979	474256	0.45473	37012	0.04953	284470	0.51158	438437	0.41935	183418	0.23030	251154	0.27372	967452	0.74243	515538	0.59625	15621	0.02147	375044	0.32482	167533	0.21974	226611	0.36163	445374	0.54244	396433	0.63641	627764	0.68547	267788	0.32283
Bacillales	1385	O	5667	0.00882	5948	0.00670	11167	0.01346	10901	0.01284	21970	0.02366	22655	0.01566	8750	0.01155	11872	0.01157	4143	0.00635	10791	0.01752	11108	0.01638	23781	0.02959	8682	0.01256	14732	0.01413	3148	0.00421	8363	0.01504	26689	0.02553	6719	0.00844	7373	0.00804	40043	0.03073	29395	0.03400	3186	0.00438	17210	0.01491	3441	0.00451	7356	0.01174	16258	0.01980	25762	0.04136	17253	0.01884	10814	0.01304
Eubacteriales	186802	O	32769	0.05098	74059	0.08343	141780	0.17084	121346	0.14291	200617	0.21603	627137	0.43357	145464	0.19209	271259	0.26428	163065	0.24995	230520	0.37423	68836	0.10151	83945	0.10445	159991	0.23152	182972	0.17544	217160	0.29058	64835	0.11660	160917	0.15391	219533	0.27564	370093	0.40335	150797	0.11572	126647	0.14648	172597	0.23725	146110	0.12654	126885	0.16643	130390	0.20808	103597	0.12618	74312	0.11930	133486	0.14576	38765	0.04673
Thermoanaerobacterales	68295	O	85	0.00013	57	0.00006	155	0.00019	297	0.00035	296	0.00032	312	0.00022	131	0.00017	122	0.00012	134	0.00021	188	0.00031	91	0.00013	218	0.00027	110	0.00016	191	0.00018	149	0.00020	74	0.00013	270	0.00026	102	0.00013	199	0.00022	305	0.00023	272	0.00031	173	0.00024	160	0.00014	59	0.00008	81	0.00013	128	0.00016	180	0.00029	145	0.00016	104	0.00013
Halanaerobiales	53433	O	75	0.00012	31	0.00003	114	0.00014	64	0.00008	189	0.00020	190	0.00013	97	0.00013	65	0.00006	42	0.00006	50	0.00008	39	0.00006	83	0.00010	37	0.00005	79	0.00008	32	0.00004	24	0.00004	69	0.00007	92	0.00012	42	0.00005	125	0.00010	125	0.00014	39	0.00005	79	0.00007	51	0.00007	68	0.00011	92	0.00011	133	0.00021	82	0.00009	75	0.00009
Moorellales	3039167	O	16	0.00002	0	0.00000	33	0.00004	14	0.00002	63	0.00007	61	0.00004	19	0.00003	40	0.00004	10	0.00002	41	0.00007	30	0.00004	50	0.00006	14	0.00002	38	0.00004	17	0.00002	13	0.00002	17	0.00002	24	0.00003	19	0.00002	46	0.00004	56	0.00006	17	0.00002	23	0.00002	22	0.00003	23	0.00004	26	0.00003	24	0.00004	23	0.00003	48	0.00006
Erysipelotrichales	526525	O	330	0.00051	599	0.00067	1201	0.00145	736	0.00087	1236	0.00133	2772	0.00192	676	0.00089	860	0.00084	521	0.00080	945	0.00153	447	0.00066	738	0.00092	651	0.00094	1014	0.00097	2326	0.00311	653	0.00117	705	0.00067	789	0.00099	4666	0.00509	1916	0.00147	1268	0.00147	1645	0.00226	948	0.00082	601	0.00079	1219	0.00195	779	0.00095	977	0.00157	783	0.00085	742	0.00089
Tissierellales	1737405	O	145	0.00023	158	0.00018	345	0.00042	316	0.00037	1015	0.00109	1008	0.00070	398	0.00053	303	0.00030	202	0.00031	410	0.00067	313	0.00046	372	0.00046	295	0.00043	835	0.00080	224	0.00030	201	0.00036	262	0.00025	245	0.00031	614	0.00067	771	0.00059	1243	0.00144	176	0.00024	269	0.00023	68	0.00009	336	0.00054	371	0.00045	623	0.00100	250	0.00027	259	0.00031
Micrococcales	85006	O	1778	0.00277	2828	0.00319	2932	0.00353	4345	0.00512	2918	0.00314	3983	0.00275	1366	0.00180	2612	0.00254	2972	0.00456	1829	0.00297	3423	0.00505	3964	0.00493	1615	0.00234	2348	0.00225	706	0.00094	5974	0.01074	5718	0.00547	1975	0.00248	3514	0.00383	9532	0.00731	6216	0.00719	1220	0.00168	3037	0.00263	718	0.00094	2023	0.00323	4570	0.00557	4359	0.00700	4164	0.00455	2859	0.00345
Kitasatosporales	85011	O	1462	0.00227	435	0.00049	1646	0.00198	1181	0.00139	1655	0.00178	2271	0.00157	663	0.00088	1120	0.00109	276	0.00042	906	0.00147	890	0.00131	1484	0.00185	700	0.00101	1423	0.00136	480	0.00064	477	0.00086	687	0.00066	688	0.00086	521	0.00057	1637	0.00126	2462	0.00285	636	0.00087	812	0.00070	348	0.00046	750	0.00120	811	0.00099	779	0.00125	823	0.00090	1092	0.00132
Mycobacteriales	85007	O	1042	0.00162	687	0.00077	1458	0.00176	1404	0.00165	2498	0.00269	4051	0.00280	1201	0.00159	1604	0.00156	487	0.00075	1187	0.00193	1095	0.00161	1783	0.00222	947	0.00137	1883	0.00181	554	0.00074	637	0.00115	1118	0.00107	934	0.00117	868	0.00095	2713	0.00208	3430	0.00397	712	0.00098	1226	0.00106	313	0.00041	1003	0.00160	1263	0.00154	1350	0.00217	1393	0.00152	1298	0.00156
Bifidobacteriales	85004	O	467	0.00073	116	0.00013	551	0.00066	884	0.00104	615	0.00066	820	0.00057	271	0.00036	1235	0.00120	242	0.00037	433	0.00070	264	0.00039	623	0.00078	239	0.00035	507	0.00049	157	0.00021	141	0.00025	331	0.00032	251	0.00032	227	0.00025	581	0.00045	681	0.00079	367	0.00050	293	0.00025	123	0.00016	276	0.00044	403	0.00049	303	0.00049	351	0.00038	764	0.00092
Propionibacteriales	85009	O	407	0.00063	169	0.00019	563	0.00068	519	0.00061	633	0.00068	845	0.00058	256	0.00034	431	0.00042	197	0.00030	364	0.00059	384	0.00057	603	0.00075	264	0.00038	521	0.00050	247	0.00033	247	0.00044	278	0.00027	270	0.00034	398	0.00043	713	0.00055	843	0.00097	397	0.00055	308	0.00027	160	0.00021	435	0.00069	649	0.00079	400	0.00064	402	0.00044	432	0.00052
Pseudonocardiales	85010	O	286	0.00044	91	0.00010	421	0.00051	221	0.00026	364	0.00039	538	0.00037	186	0.00025	321	0.00031	56	0.00009	233	0.00038	199	0.00029	349	0.00043	136	0.00020	377	0.00036	117	0.00016	130	0.00023	168	0.00016	188	0.00024	128	0.00014	358	0.00027	595	0.00069	162	0.00022	177	0.00015	93	0.00012	228	0.00036	173	0.00021	151	0.00024	199	0.00022	258	0.00031
Actinomycetales	2037	O	287	0.00045	216	0.00024	392	0.00047	941	0.00111	486	0.00052	465	0.00032	158	0.00021	369	0.00036	91	0.00014	451	0.00073	616	0.00091	317	0.00039	176	0.00025	374	0.00036	559	0.00075	121	0.00022	193	0.00018	135	0.00017	147	0.00016	463	0.00036	444	0.00051	404	0.00056	315	0.00027	294	0.00039	242	0.00039	212	0.00026	294	0.00047	238	0.00026	752	0.00091
Micromonosporales	85008	O	224	0.00035	71	0.00008	322	0.00039	257	0.00030	323	0.00035	514	0.00036	162	0.00021	253	0.00025	73	0.00011	176	0.00029	206	0.00030	255	0.00032	99	0.00014	290	0.00028	88	0.00012	84	0.00015	107	0.00010	130	0.00016	126	0.00014	244	0.00019	586	0.00068	129	0.00018	160	0.00014	47	0.00006	134	0.00021	158	0.00019	107	0.00017	160	0.00017	241	0.00029
Streptosporangiales	85012	O	144	0.00022	51	0.00006	205	0.00025	177	0.00021	217	0.00023	266	0.00018	77	0.00010	126	0.00012	35	0.00005	111	0.00018	126	0.00019	185	0.00023	60	0.00009	203	0.00019	76	0.00010	80	0.00014	82	0.00008	109	0.00014	85	0.00009	248	0.00019	315	0.00036	77	0.00011	92	0.00008	35	0.00005	100	0.00016	170	0.00021	117	0.00019	122	0.00013	118	0.00014
Frankiales	85013	O	35	0.00005	0	0.00000	32	0.00004	16	0.00002	20	0.00002	37	0.00003	0	0.00000	30	0.00003	0	0.00000	21	0.00003	16	0.00002	21	0.00003	0	0.00000	24	0.00002	0	0.00000	0	0.00000	0	0.00000	15	0.00002	0	0.00000	14	0.00001	32	0.00004	0	0.00000	15	0.00001	0	0.00000	0	0.00000	38	0.00005	0	0.00000	0	0.00000	0	0.00000
Geodermatophilales	1643682	O	21	0.00003	20	0.00002	25	0.00003	37	0.00004	123	0.00013	110	0.00008	12	0.00002	10	0.00001	46	0.00007	19	0.00003	21	0.00003	25	0.00003	19	0.00003	31	0.00003	11	0.00001	0	0.00000	69	0.00007	48	0.00006	35	0.00004	45	0.00003	54	0.00006	24	0.00003	11	0.00001	10	0.00001	12	0.00002	55	0.00007	72	0.00012	59	0.00006	10	0.00001
Jiangellales	1217098	O	15	0.00002	0	0.00000	16	0.00002	15	0.00002	0	0.00000	0	0.00000	0	0.00000	18	0.00002	0	0.00000	0	0.00000	0	0.00000	25	0.00003	11	0.00002	10	0.00001	0	0.00000	0	0.00000	0	0.00000	16	0.00002	0	0.00000	17	0.00001	13	0.00002	0	0.00000	0	0.00000	0	0.00000	0	0.00000	18	0.00002	0	0.00000	0	0.00000	16	0.00002
Sporichthyales	2495578	O	44	0.00007	0	0.00000	0	0.00000	0	0.00000	86	0.00009	0	0.00000	0	0.00000	0	0.00000	0	0.00000	0	0.00000	0	0.00000	0	0.00000	0	0.00000	0	0.00000	0	0.00000	0	0.00000	0	0.00000	0	0.00000	0	0.00000	0	0.00000	0	0.00000	0	0.00000	0	0.00000	0	0.00000	0	0.00000	0	0.00000	0	0.00000	0	0.00000	0	0.00000
Glycomycetales	85014	O	10	0.00002	0	0.00000	16	0.00002	0	0.00000	0	0.00000	16	0.00001	0	0.00000	27	0.00003	0	0.00000	0	0.00000	0	0.00000	27	0.00003	0	0.00000	0	0.00000	0	0.00000	0	0.00000	11	0.00001	0	0.00000	0	0.00000	13	0.00001	35	0.00004	0	0.00000	0	0.00000	0	0.00000	21	0.00003	14	0.00002	0	0.00000	0	0.00000	11	0.00001
Coriobacteriales	84999	O	1881	0.00293	1010	0.00114	5673	0.00684	2200	0.00259	1142	0.00123	3807	0.00263	1018	0.00134	1802	0.00176	927	0.00142	1046	0.00170	1291	0.00190	643	0.00080	1215	0.00176	1270	0.00122	12199	0.01632	1804	0.00324	488	0.00047	736	0.00092	2392	0.00261	1630	0.00125	1933	0.00224	28036	0.03854	1253	0.00109	4664	0.00612	946	0.00151	713	0.00087	733	0.00118	816	0.00089	6362	0.00767
Eggerthellales	1643822	O	213	0.00033	161	0.00018	453	0.00055	336	0.00040	487	0.00052	772	0.00053	221	0.00029	300	0.00029	157	0.00024	286	0.00046	248	0.00037	380	0.00047	248	0.00036	517	0.00050	281	0.00038	168	0.00030	224	0.00021	257	0.00032	347	0.00038	468	0.00036	558	0.00065	860	0.00118	231	0.00020	88	0.00012	187	0.00030	262	0.00032	255	0.00041	212	0.00023	313	0.00038
Solirubrobacterales	588673	O	71	0.00011	32	0.00004	61	0.00007	23	0.00003	94	0.00010	116	0.00008	58	0.00008	84	0.00008	41	0.00006	66	0.00011	30	0.00004	57	0.00007	26	0.00004	46	0.00004	16	0.00002	46	0.00008	22	0.00002	44	0.00006	74	0.00008	37	0.00003	147	0.00017	38	0.00005	37	0.00003	0	0.00000	72	0.00011	45	0.00005	75	0.00012	37	0.00004	24	0.00003
Miltoncostaeales	2843198	O	26	0.00004	0	0.00000	0	0.00000	10	0.00001	0	0.00000	15	0.00001	14	0.00002	0	0.00000	0	0.00000	13	0.00002	15	0.00002	0	0.00000	0	0.00000	13	0.00001	0	0.00000	0	0.00000	0	0.00000	11	0.00001	10	0.00001	20	0.00002	42	0.00005	11	0.00002	0	0.00000	0	0.00000	15	0.00002	0	0.00000	25	0.00004	0	0.00000	22	0.00003
Rubrobacterales	84996	O	66	0.00010	28	0.00003	63	0.00008	79	0.00009	168	0.00018	99	0.00007	34	0.00004	75	0.00007	19	0.00003	50	0.00008	38	0.00006	38	0.00005	28	0.00004	59	0.00006	63	0.00008	19	0.00003	48	0.00005	48	0.00006	27	0.00003	70	0.00005	86	0.00010	52	0.00007	101	0.00009	17	0.00002	26	0.00004	62	0.00008	59	0.00009	124	0.00014	46	0.00006
Acidimicrobiales	84993	O	43	0.00007	35	0.00004	58	0.00007	27	0.00003	57	0.00006	59	0.00004	31	0.00004	44	0.00004	0	0.00000	37	0.00006	30	0.00004	60	0.00007	33	0.00005	54	0.00005	0	0.00000	21	0.00004	43	0.00004	53	0.00007	15	0.00002	92	0.00007	96	0.00011	18	0.00002	37	0.00003	10	0.00001	27	0.00004	47	0.00006	56	0.00009	56	0.00006	42	0.00005
Synechococcales	1890424	O	109	0.00017	99	0.00011	169	0.00020	94	0.00011	189	0.00020	1357	0.00094	97	0.00013	116	0.00011	74	0.00011	191	0.00031	57	0.00008	106	0.00013	88	0.00013	224	0.00021	145	0.00019	44	0.00008	46	0.00004	68	0.00009	96	0.00010	116	0.00009	247	0.00029	57	0.00008	57	0.00005	16	0.00002	139	0.00022	137	0.00017	261	0.00042	124	0.00014	103	0.00012
Chroococcales	1118	O	63	0.00010	52	0.00006	95	0.00011	36	0.00004	71	0.00008	537	0.00037	78	0.00010	1315	0.00128	80	0.00012	40	0.00006	29	0.00004	81	0.00010	192	0.00028	57	0.00005	260	0.00035	14	0.00003	172	0.00016	391	0.00049	341	0.00037	126	0.00010	96	0.00011	178	0.00024	48	0.00004	578	0.00076	73	0.00012	123	0.00015	55	0.00009	98	0.00011	28	0.00003
Oscillatoriales	1150	O	16	0.00002	215	0.00024	113	0.00014	154	0.00018	192	0.00021	548	0.00038	107	0.00014	219	0.00021	163	0.00025	68	0.00011	125	0.00018	359	0.00045	156	0.00023	131	0.00013	55	0.00007	168	0.00030	386	0.00037	170	0.00021	114	0.00012	788	0.00060	265	0.00031	21	0.00003	246	0.00021	59	0.00008	365	0.00058	198	0.00024	241	0.00039	276	0.00030	119	0.00014
Nostocales	1161	O	50	0.00008	193	0.00022	113	0.00014	134	0.00016	247	0.00027	1223	0.00085	87	0.00011	197	0.00019	138	0.00021	104	0.00017	58	0.00009	227	0.00028	167	0.00024	164	0.00016	303	0.00041	54	0.00010	193	0.00018	154	0.00019	93	0.00010	304	0.00023	201	0.00023	77	0.00011	154	0.00013	60	0.00008	257	0.00041	187	0.00023	172	0.00028	240	0.00026	88	0.00011
Pseudanabaenales	2881377	O	34	0.00005	31	0.00003	70	0.00008	47	0.00006	230	0.00025	201	0.00014	39	0.00005	71	0.00007	36	0.00006	55	0.00009	58	0.00009	614	0.00076	49	0.00007	179	0.00017	42	0.00006	18	0.00003	54	0.00005	81	0.00010	71	0.00008	88	0.00007	108	0.00012	43	0.00006	45	0.00004	26	0.00003	76	0.00012	124	0.00015	68	0.00011	73	0.00008	49	0.00006
Gloeobacterales	307595	O	19	0.00003	100	0.00011	71	0.00009	33	0.00004	44	0.00005	797	0.00055	66	0.00009	383	0.00037	198	0.00030	30	0.00005	27	0.00004	207	0.00026	218	0.00032	47	0.00005	224	0.00030	18	0.00003	137	0.00013	189	0.00024	189	0.00021	114	0.00009	131	0.00015	84	0.00012	104	0.00009	217	0.00028	184	0.00029	149	0.00018	48	0.00008	234	0.00026	40	0.00005
Chroococcidiopsidales	1890505	O	11	0.00002	0	0.00000	0	0.00000	0	0.00000	105	0.00011	32	0.00002	0	0.00000	0	0.00000	50	0.00008	0	0.00000	0	0.00000	783	0.00097	20	0.00003	17	0.00002	0	0.00000	0	0.00000	338	0.00032	22	0.00003	24	0.00003	165	0.00013	152	0.00018	0	0.00000	16	0.00001	0	0.00000	22	0.00004	265	0.00032	34	0.00005	104	0.00011	0	0.00000
Chloroflexales	32064	O	26	0.00004	80	0.00009	92	0.00011	127	0.00015	343	0.00037	120	0.00008	94	0.00012	93	0.00009	32	0.00005	93	0.00015	94	0.00014	223	0.00028	109	0.00016	166	0.00016	26	0.00003	102	0.00018	149	0.00014	89	0.00011	53	0.00006	594	0.00046	279	0.00032	25	0.00003	142	0.00012	11	0.00001	98	0.00016	134	0.00016	216	0.00035	225	0.00025	107	0.00013
Tepidiformales	2682226	O	24	0.00004	67	0.00008	76	0.00009	87	0.00010	143	0.00015	120	0.00008	64	0.00008	183	0.00018	22	0.00003	40	0.00006	83	0.00012	152	0.00019	54	0.00008	77	0.00007	28	0.00004	69	0.00012	171	0.00016	67	0.00008	48	0.00005	329	0.00025	222	0.00026	17	0.00002	137	0.00012	226	0.00030	53	0.00008	93	0.00011	227	0.00036	126	0.00014	77	0.00009
Dehalococcoidales	1202465	O	13	0.00002	46	0.00005	106	0.00013	578	0.00068	205	0.00022	134	0.00009	73	0.00010	208	0.00020	254	0.00039	42	0.00007	48	0.00007	156	0.00019	34	0.00005	49	0.00005	48	0.00006	227	0.00041	37	0.00004	65	0.00008	121	0.00013	178	0.00014	164	0.00019	82	0.00011	386	0.00033	47	0.00006	65	0.00010	102	0.00012	134	0.00022	424	0.00046	385	0.00046
Caldilineales	475963	O	10	0.00002	138	0.00016	78	0.00009	234	0.00028	159	0.00017	388	0.00027	21	0.00003	60	0.00006	70	0.00011	55	0.00009	190	0.00028	247	0.00031	78	0.00011	75	0.00007	0	0.00000	253	0.00045	876	0.00084	62	0.00008	273	0.00030	303	0.00023	280	0.00032	21	0.00003	109	0.00009	31	0.00004	165	0.00026	171	0.00021	477	0.00077	204	0.00022	36	0.00004
Deinococcales	118964	O	56	0.00009	70	0.00008	189	0.00023	155	0.00018	315	0.00034	282	0.00019	98	0.00013	123	0.00012	44	0.00007	149	0.00024	163	0.00024	360	0.00045	139	0.00020	201	0.00019	28	0.00004	102	0.00018	212	0.00020	81	0.00010	102	0.00011	526	0.00040	441	0.00051	36	0.00005	190	0.00016	57	0.00007	103	0.00016	200	0.00024	254	0.00041	280	0.00031	133	0.00016
Thermales	68933	O	31	0.00005	217	0.00024	133	0.00016	338	0.00040	112	0.00012	289	0.00020	167	0.00022	236	0.00023	40	0.00006	173	0.00028	514	0.00076	120	0.00015	314	0.00045	334	0.00032	11	0.00001	107	0.00019	263	0.00025	160	0.00020	159	0.00017	418	0.00032	377	0.00044	49	0.00007	163	0.00014	111	0.00015	208	0.00033	307	0.00037	474	0.00076	737	0.00080	166	0.00020
Mycoplasmatales	2085	O	29	0.00005	252	0.00028	206	0.00025	357	0.00042	639	0.00069	1319	0.00091	357	0.00047	423	0.00041	143	0.00022	343	0.00056	377	0.00056	799	0.00099	358	0.00052	438	0.00042	257	0.00034	255	0.00046	577	0.00055	196	0.00025	349	0.00038	1319	0.00101	899	0.00104	124	0.00017	370	0.00032	108	0.00014	360	0.00057	645	0.00079	646	0.00104	591	0.00065	202	0.00024
Acholeplasmatales	186329	O	11	0.00002	55	0.00006	79	0.00010	70	0.00008	269	0.00029	125	0.00009	67	0.00009	91	0.00009	70	0.00011	65	0.00011	64	0.00009	667	0.00083	51	0.00007	76	0.00007	22	0.00003	60	0.00011	135	0.00013	35	0.00004	67	0.00007	273	0.00021	218	0.00025	37	0.00005	107	0.00009	18	0.00002	79	0.00013	138	0.00017	170	0.00027	136	0.00015	57	0.00007
Bacteroidales	171549	O	104986	0.16333	82535	0.09298	132695	0.15989	197765	0.23291	165460	0.17817	214671	0.14841	55657	0.07350	355693	0.34654	112457	0.17238	91349	0.14830	61332	0.09045	51419	0.06398	42177	0.06103	237746	0.22796	242485	0.32447	73671	0.13249	51706	0.04945	143580	0.18028	116730	0.12722	66833	0.05129	66900	0.07737	210326	0.28911	54896	0.04755	96824	0.12700	146636	0.23400	133974	0.16317	28132	0.04516	42088	0.04596	214914	0.25909
Marinilabiliales	1970189	O	20	0.00003	0	0.00000	73	0.00009	53	0.00006	106	0.00011	336	0.00023	20	0.00003	167	0.00016	0	0.00000	39	0.00006	0	0.00000	21	0.00003	14	0.00002	94	0.00009	0	0.00000	0	0.00000	0	0.00000	0	0.00000	13	0.00001	0	0.00000	22	0.00003	18	0.00002	0	0.00000	0	0.00000	31	0.00005	17	0.00002	0	0.00000	21	0.00002	34	0.00004
Flavobacteriales	200644	O	397	0.00062	155	0.00017	901	0.00109	381	0.00045	2469	0.00266	8203	0.00567	546	0.00072	1876	0.00183	1149	0.00176	1591	0.00258	87	0.00013	550	0.00068	474	0.00069	2260	0.00217	661	0.00088	174	0.00031	101	0.00010	1044	0.00131	444	0.00048	284	0.00022	410	0.00047	762	0.00105	410	0.00036	187	0.00025	535	0.00085	348	0.00042	205	0.00033	169	0.00018	459	0.00055
Cytophagales	768507	O	271	0.00042	62	0.00007	625	0.00075	357	0.00042	1680	0.00181	5707	0.00395	326	0.00043	945	0.00092	346	0.00053	1384	0.00225	61	0.00009	261	0.00032	412	0.00060	1670	0.00160	445	0.00060	29	0.00005	82	0.00008	923	0.00116	236	0.00026	200	0.00015	453	0.00052	333	0.00046	56	0.00005	194	0.00025	464	0.00074	386	0.00047	147	0.00024	129	0.00014	166	0.00020
Sphingobacteriales	200666	O	109	0.00017	29	0.00003	288	0.00035	122	0.00014	920	0.00099	1777	0.00123	234	0.00031	456	0.00044	135	0.00021	211	0.00034	34	0.00005	87	0.00011	304	0.00044	604	0.00058	160	0.00021	26	0.00005	74	0.00007	280	0.00035	203	0.00022	77	0.00006	160	0.00019	271	0.00037	25	0.00002	31	0.00004	188	0.00030	125	0.00015	36	0.00006	70	0.00008	85	0.00010
Chitinophagales	1853229	O	51	0.00008	12	0.00001	122	0.00015	64	0.00008	226	0.00024	606	0.00042	56	0.00007	206	0.00020	79	0.00012	130	0.00021	28	0.00004	33	0.00004	72	0.00010	343	0.00033	71	0.00010	10	0.00002	21	0.00002	162	0.00020	34	0.00004	49	0.00004	46	0.00005	102	0.00014	16	0.00001	12	0.00002	119	0.00019	73	0.00009	21	0.00003	18	0.00002	56	0.00007
Chlorobiales	191411	O	55	0.00009	0	0.00000	53	0.00006	25	0.00003	76	0.00008	228	0.00016	18	0.00002	50	0.00005	16	0.00002	46	0.00007	0	0.00000	0	0.00000	21	0.00003	72	0.00007	33	0.00004	0	0.00000	0	0.00000	26	0.00003	11	0.00001	0	0.00000	23	0.00003	33	0.00005	0	0.00000	0	0.00000	22	0.00004	15	0.00002	0	0.00000	0	0.00000	34	0.00004
Rhodothermales	1853224	O	37	0.00006	0	0.00000	25	0.00003	0	0.00000	28	0.00003	64	0.00004	0	0.00000	14	0.00001	0	0.00000	12	0.00002	0	0.00000	0	0.00000	0	0.00000	40	0.00004	15	0.00002	0	0.00000	0	0.00000	18	0.00002	0	0.00000	0	0.00000	10	0.00001	0	0.00000	0	0.00000	0	0.00000	0	0.00000	0	0.00000	0	0.00000	0	0.00000	15	0.00002
Balneolales	1853223	O	13	0.00002	22	0.00002	0	0.00000	19	0.00002	0	0.00000	282	0.00019	0	0.00000	100	0.00010	15	0.00002	13	0.00002	0	0.00000	0	0.00000	38	0.00005	0	0.00000	87	0.00012	0	0.00000	0	0.00000	48	0.00006	12	0.00001	15	0.00001	0	0.00000	25	0.00003	0	0.00000	56	0.00007	46	0.00007	0	0.00000	0	0.00000	13	0.00001	0	0.00000
Gemmatimonadales	219686	O	33	0.00005	0	0.00000	18	0.00002	0	0.00000	11	0.00001	13	0.00001	0	0.00000	0	0.00000	0	0.00000	0	0.00000	0	0.00000	0	0.00000	0	0.00000	10	0.00001	10	0.00001	0	0.00000	0	0.00000	0	0.00000	0	0.00000	0	0.00000	0	0.00000	0	0.00000	0	0.00000	0	0.00000	10	0.00002	0	0.00000	0	0.00000	0	0.00000	19	0.00002
Enterobacterales	91347	O	12109	0.01884	1332	0.00150	3482	0.00420	1812	0.00213	32920	0.03545	3199	0.00221	908	0.00120	2764	0.00269	253	0.00039	879	0.00143	356	0.00052	222	0.00028	1762	0.00255	1608	0.00154	14064	0.01882	133	0.00024	438	0.00042	4314	0.00542	579	0.00063	471	0.00036	528	0.00061	6736	0.00926	21009	0.01820	2299	0.00302	4571	0.00729	4226	0.00515	142	0.00023	1541	0.00168	1028	0.00124
Pseudomonadales	72274	O	861	0.00134	58	0.00007	523	0.00063	380	0.00045	749	0.00081	1311	0.00091	283	0.00037	626	0.00061	121	0.00019	371	0.00060	92	0.00014	140	0.00017	197	0.00029	894	0.00086	394	0.00053	34	0.00006	34	0.00003	225	0.00028	184	0.00020	99	0.00008	370	0.00043	512	0.00070	153	0.00013	161	0.00021	261	0.00042	133	0.00016	21	0.00003	138	0.00015	355	0.00043
Aeromonadales	135624	O	831	0.00129	1050	0.00118	531	0.00064	306	0.00036	384	0.00041	582	0.00040	84	0.00011	609	0.00059	181	0.00028	436	0.00071	235	0.00035	199	0.00025	59	0.00009	488	0.00047	3012	0.00403	224	0.00040	319	0.00031	281	0.00035	419	0.00046	94	0.00007	230	0.00027	695	0.00096	704	0.00061	1080	0.00142	552	0.00088	2148	0.00262	2157	0.00346	229	0.00025	483	0.00058
Orbales	1240482	O	583	0.00091	0	0.00000	213	0.00026	0	0.00000	19	0.00002	18	0.00001	26	0.00003	22	0.00002	0	0.00000	0	0.00000	0	0.00000	0	0.00000	19	0.00003	0	0.00000	0	0.00000	0	0.00000	0	0.00000	0	0.00000	0	0.00000	0	0.00000	0	0.00000	102	0.00014	0	0.00000	213	0.00028	0	0.00000	30	0.00004	0	0.00000	72	0.00008	0	0.00000
Xanthomonadales	135614	O	434	0.00068	38	0.00004	242	0.00029	152	0.00018	417	0.00045	731	0.00051	154	0.00020	369	0.00036	149	0.00023	236	0.00038	40	0.00006	133	0.00017	104	0.00015	612	0.00059	318	0.00043	25	0.00004	18	0.00002	166	0.00021	142	0.00015	102	0.00008	471	0.00054	349	0.00048	76	0.00007	50	0.00007	182	0.00029	96	0.00012	36	0.00006	147	0.00016	222	0.00027
Oceanospirillales	135619	O	254	0.00040	33	0.00004	238	0.00029	169	0.00020	280	0.00030	530	0.00037	78	0.00010	213	0.00021	110	0.00017	180	0.00029	57	0.00008	58	0.00007	60	0.00009	328	0.00031	168	0.00022	20	0.00004	0	0.00000	133	0.00017	75	0.00008	58	0.00004	137	0.00016	262	0.00036	68	0.00006	37	0.00005	95	0.00015	60	0.00007	28	0.00004	47	0.00005	153	0.00018
Vibrionales	135623	O	258	0.00040	44	0.00005	265	0.00032	111	0.00013	326	0.00035	493	0.00034	100	0.00013	305	0.00030	62	0.00010	197	0.00032	92	0.00014	39	0.00005	91	0.00013	327	0.00031	204	0.00027	11	0.00002	16	0.00002	172	0.00022	90	0.00010	56	0.00004	61	0.00007	287	0.00039	132	0.00011	97	0.00013	139	0.00022	155	0.00019	32	0.00005	78	0.00009	173	0.00021
Legionellales	118969	O	221	0.00034	0	0.00000	155	0.00019	26	0.00003	73	0.00008	108	0.00007	18	0.00002	39	0.00004	0	0.00000	26	0.00004	0	0.00000	11	0.00001	37	0.00005	69	0.00007	19	0.00003	0	0.00000	0	0.00000	13	0.00002	14	0.00002	0	0.00000	19	0.00002	184	0.00025	16	0.00001	105	0.00014	18	0.00003	73	0.00009	0	0.00000	89	0.00010	0	0.00000
Alteromonadales	135622	O	159	0.00025	15	0.00002	142	0.00017	84	0.00010	298	0.00032	351	0.00024	57	0.00008	176	0.00017	28	0.00004	97	0.00016	18	0.00003	14	0.00002	50	0.00007	280	0.00027	88	0.00012	11	0.00002	0	0.00000	63	0.00008	38	0.00004	24	0.00002	35	0.00004	112	0.00015	58	0.00005	56	0.00007	38	0.00006	47	0.00006	0	0.00000	23	0.00003	74	0.00009
Moraxellales	2887326	O	149	0.00023	19	0.00002	102	0.00012	43	0.00005	145	0.00016	212	0.00015	34	0.00004	106	0.00010	22	0.00003	52	0.00008	15	0.00002	19	0.00002	53	0.00008	175	0.00017	37	0.00005	12	0.00002	0	0.00000	49	0.00006	44	0.00005	34	0.00003	52	0.00006	125	0.00017	26	0.00002	114	0.00015	34	0.00005	33	0.00004	0	0.00000	24	0.00003	24	0.00003
Pasteurellales	135625	O	131	0.00020	100	0.00011	94	0.00011	58	0.00007	101	0.00011	172	0.00012	44	0.00006	562	0.00055	28	0.00004	232	0.00038	12	0.00002	0	0.00000	26	0.00004	138	0.00013	439	0.00059	877	0.00158	16	0.00002	96	0.00012	1139	0.00124	16	0.00001	29	0.00003	48	0.00007	270	0.00023	39	0.00005	1254	0.00200	31	0.00004	0	0.00000	38	0.00004	33	0.00004
Chromatiales	135613	O	121	0.00019	0	0.00000	66	0.00008	33	0.00004	125	0.00013	222	0.00015	42	0.00006	111	0.00011	12	0.00002	69	0.00011	17	0.00003	18	0.00002	34	0.00005	147	0.00014	41	0.00005	0	0.00000	0	0.00000	47	0.00006	41	0.00004	23	0.00002	26	0.00003	67	0.00009	19	0.00002	12	0.00002	41	0.00007	18	0.00002	0	0.00000	19	0.00002	51	0.00006
Cellvibrionales	1706369	O	61	0.00009	0	0.00000	55	0.00007	25	0.00003	84	0.00009	138	0.00010	20	0.00003	71	0.00007	14	0.00002	39	0.00006	0	0.00000	0	0.00000	21	0.00003	85	0.00008	35	0.00005	0	0.00000	0	0.00000	22	0.00003	27	0.00003	12	0.00001	18	0.00002	47	0.00006	21	0.00002	16	0.00002	31	0.00005	0	0.00000	0	0.00000	25	0.00003	21	0.00003
Methylococcales	135618	O	43	0.00007	0	0.00000	53	0.00006	78	0.00009	54	0.00006	99	0.00007	17	0.00002	26	0.00003	0	0.00000	29	0.00005	0	0.00000	0	0.00000	11	0.00002	58	0.00006	20	0.00003	0	0.00000	0	0.00000	14	0.00002	26	0.00003	0	0.00000	28	0.00003	21	0.00003	0	0.00000	0	0.00000	15	0.00002	0	0.00000	0	0.00000	0	0.00000	41	0.00005
Thiotrichales	72273	O	26	0.00004	0	0.00000	34	0.00004	41	0.00005	68	0.00007	110	0.00008	15	0.00002	56	0.00005	0	0.00000	25	0.00004	0	0.00000	0	0.00000	14	0.00002	71	0.00007	20	0.00003	0	0.00000	0	0.00000	19	0.00002	16	0.00002	0	0.00000	0	0.00000	27	0.00004	35	0.00003	11	0.00001	23	0.00004	26	0.00003	0	0.00000	0	0.00000	12	0.00001
Cardiobacteriales	135615	O	26	0.00004	0	0.00000	0	0.00000	0	0.00000	0	0.00000	40	0.00003	0	0.00000	14	0.00001	0	0.00000	0	0.00000	0	0.00000	0	0.00000	0	0.00000	15	0.00001	0	0.00000	0	0.00000	0	0.00000	0	0.00000	0	0.00000	0	0.00000	0	0.00000	0	0.00000	0	0.00000	0	0.00000	0	0.00000	0	0.00000	0	0.00000	0	0.00000	0	0.00000
Acidiferrobacterales	1692040	O	18	0.00003	0	0.00000	0	0.00000	0	0.00000	16	0.00002	0	0.00000	0	0.00000	0	0.00000	0	0.00000	0	0.00000	0	0.00000	0	0.00000	0	0.00000	0	0.00000	0	0.00000	0	0.00000	0	0.00000	0	0.00000	0	0.00000	0	0.00000	0	0.00000	0	0.00000	0	0.00000	0	0.00000	0	0.00000	0	0.00000	0	0.00000	0	0.00000	0	0.00000
Salinisphaerales	742030	O	10	0.00002	0	0.00000	0	0.00000	0	0.00000	0	0.00000	14	0.00001	0	0.00000	0	0.00000	0	0.00000	0	0.00000	0	0.00000	0	0.00000	0	0.00000	0	0.00000	0	0.00000	0	0.00000	0	0.00000	0	0.00000	0	0.00000	0	0.00000	0	0.00000	10	0.00001	0	0.00000	10	0.00001	0	0.00000	0	0.00000	0	0.00000	0	0.00000	0	0.00000
Nevskiales	1775403	O	21	0.00003	0	0.00000	0	0.00000	0	0.00000	0	0.00000	37	0.00003	0	0.00000	28	0.00003	0	0.00000	0	0.00000	0	0.00000	0	0.00000	0	0.00000	0	0.00000	0	0.00000	0	0.00000	0	0.00000	0	0.00000	0	0.00000	0	0.00000	11	0.00001	11	0.00002	0	0.00000	0	0.00000	0	0.00000	0	0.00000	0	0.00000	0	0.00000	0	0.00000
Hyphomicrobiales	356	O	1750	0.00272	111	0.00013	1103	0.00133	927	0.00109	1233	0.00133	2141	0.00148	546	0.00072	1085	0.00106	278	0.00043	613	0.00100	150	0.00022	143	0.00018	291	0.00042	1314	0.00126	600	0.00080	99	0.00018	40	0.00004	505	0.00063	260	0.00028	141	0.00011	587	0.00068	917	0.00126	195	0.00017	198	0.00026	488	0.00078	197	0.00024	44	0.00007	118	0.00013	728	0.00088
Sphingomonadales	204457	O	583	0.00091	37	0.00004	402	0.00048	278	0.00033	359	0.00039	751	0.00052	163	0.00022	385	0.00038	69	0.00011	223	0.00036	60	0.00009	43	0.00005	68	0.00010	481	0.00046	175	0.00023	30	0.00005	25	0.00002	148	0.00019	95	0.00010	52	0.00004	164	0.00019	243	0.00033	77	0.00007	58	0.00008	190	0.00030	67	0.00008	15	0.00002	29	0.00003	248	0.00030
Rhodobacterales	204455	O	472	0.00073	29	0.00003	291	0.00035	319	0.00038	369	0.00040	778	0.00054	138	0.00018	261	0.00025	145	0.00022	180	0.00029	39	0.00006	55	0.00007	95	0.00014	436	0.00042	129	0.00017	27	0.00005	11	0.00001	147	0.00018	86	0.00009	39	0.00003	189	0.00022	257	0.00035	59	0.00005	61	0.00008	126	0.00020	52	0.00006	28	0.00004	38	0.00004	172	0.00021
Rhodospirillales	204441	O	277	0.00043	26	0.00003	181	0.00022	101	0.00012	251	0.00027	467	0.00032	97	0.00013	179	0.00017	78	0.00012	106	0.00017	35	0.00005	22	0.00003	69	0.00010	256	0.00025	104	0.00014	20	0.00004	0	0.00000	80	0.00010	53	0.00006	51	0.00004	186	0.00022	116	0.00016	50	0.00004	34	0.00004	90	0.00014	51	0.00006	40	0.00006	18	0.00002	122	0.00015
Caulobacterales	204458	O	197	0.00031	0	0.00000	82	0.00010	73	0.00009	62	0.00007	216	0.00015	66	0.00009	90	0.00009	132	0.00020	62	0.00010	11	0.00002	15	0.00002	27	0.00004	107	0.00010	36	0.00005	0	0.00000	0	0.00000	63	0.00008	16	0.00002	12	0.00001	52	0.00006	71	0.00010	19	0.00002	19	0.00002	36	0.00006	12	0.00001	0	0.00000	12	0.00001	54	0.00007
Hyphomonadales	2800060	O	14	0.00002	0	0.00000	0	0.00000	0	0.00000	0	0.00000	30	0.00002	0	0.00000	0	0.00000	0	0.00000	0	0.00000	0	0.00000	0	0.00000	0	0.00000	19	0.00002	0	0.00000	0	0.00000	0	0.00000	0	0.00000	0	0.00000	0	0.00000	0	0.00000	0	0.00000	0	0.00000	0	0.00000	0	0.00000	0	0.00000	0	0.00000	0	0.00000	0	0.00000
Burkholderiales	80840	O	2265	0.00352	338	0.00038	1376	0.00166	977	0.00115	992	0.00107	2847	0.00197	611	0.00081	1705	0.00166	366	0.00056	900	0.00146	236	0.00035	204	0.00025	477	0.00069	1295	0.00124	1376	0.00184	208	0.00037	377	0.00036	962	0.00121	846	0.00092	259	0.00020	589	0.00068	1222	0.00168	342	0.00030	477	0.00063	671	0.00107	512	0.00062	115	0.00018	258	0.00028	1209	0.00146
Neisseriales	206351	O	196	0.00030	14	0.00002	125	0.00015	69	0.00008	194	0.00021	364	0.00025	60	0.00008	116	0.00011	22	0.00003	69	0.00011	13	0.00002	21	0.00003	41	0.00006	193	0.00019	57	0.00008	21	0.00004	0	0.00000	50	0.00006	27	0.00003	16	0.00001	54	0.00006	84	0.00012	20	0.00002	23	0.00003	63	0.00010	27	0.00003	0	0.00000	23	0.00003	88	0.00011
Rhodocyclales	206389	O	188	0.00029	0	0.00000	78	0.00009	38	0.00004	78	0.00008	130	0.00009	48	0.00006	108	0.00011	16	0.00002	50	0.00008	23	0.00003	11	0.00001	14	0.00002	120	0.00012	43	0.00006	0	0.00000	0	0.00000	39	0.00005	18	0.00002	0	0.00000	41	0.00005	73	0.00010	16	0.00001	18	0.00002	35	0.00006	0	0.00000	0	0.00000	14	0.00002	75	0.00009
Nitrosomonadales	32003	O	135	0.00021	0	0.00000	81	0.00010	43	0.00005	65	0.00007	197	0.00014	23	0.00003	104	0.00010	0	0.00000	60	0.00010	0	0.00000	0	0.00000	14	0.00002	122	0.00012	41	0.00005	0	0.00000	0	0.00000	30	0.00004	24	0.00003	0	0.00000	36	0.00004	57	0.00008	18	0.00002	16	0.00002	33	0.00005	33	0.00004	0	0.00000	0	0.00000	52	0.00006
Desulfovibrionales	213115	O	1271	0.00198	208	0.00023	1363	0.00164	1814	0.00214	322	0.00035	451	0.00031	61	0.00008	526	0.00051	55	0.00008	143	0.00023	153	0.00023	113	0.00014	64	0.00009	714	0.00068	238	0.00032	17	0.00003	0	0.00000	2347	0.00295	67	0.00007	18	0.00001	113	0.00013	187	0.00026	331	0.00029	705	0.00092	772	0.00123	564	0.00069	308	0.00049	78	0.00009	1140	0.00137
Geobacterales	3031668	O	99	0.00015	0	0.00000	64	0.00008	41	0.00005	55	0.00006	150	0.00010	27	0.00004	60	0.00006	10	0.00002	49	0.00008	0	0.00000	10	0.00001	15	0.00002	99	0.00009	22	0.00003	0	0.00000	0	0.00000	49	0.00006	11	0.00001	11	0.00001	31	0.00004	42	0.00006	0	0.00000	10	0.00001	37	0.00006	14	0.00002	0	0.00000	0	0.00000	38	0.00005
Desulfuromonadales	69541	O	41	0.00006	0	0.00000	22	0.00003	10	0.00001	21	0.00002	72	0.00005	14	0.00002	110	0.00011	0	0.00000	14	0.00002	0	0.00000	0	0.00000	0	0.00000	52	0.00005	32	0.00004	0	0.00000	0	0.00000	41	0.00005	20	0.00002	0	0.00000	12	0.00001	19	0.00003	0	0.00000	37	0.00005	11	0.00002	0	0.00000	0	0.00000	0	0.00000	23	0.00003
Desulfobacterales	213118	O	50	0.00008	0	0.00000	34	0.00004	48	0.00006	59	0.00006	118	0.00008	17	0.00002	34	0.00003	12	0.00002	34	0.00006	0	0.00000	0	0.00000	24	0.00003	50	0.00005	12	0.00002	0	0.00000	0	0.00000	15	0.00002	16	0.00002	0	0.00000	22	0.00003	26	0.00004	0	0.00000	0	0.00000	14	0.00002	0	0.00000	0	0.00000	0	0.00000	28	0.00003
Desulfobulbales	3024411	O	34	0.00005	0	0.00000	33	0.00004	16	0.00002	34	0.00004	80	0.00006	16	0.00002	14	0.00001	0	0.00000	23	0.00004	0	0.00000	0	0.00000	13	0.00002	39	0.00004	0	0.00000	0	0.00000	0	0.00000	10	0.00001	13	0.00001	0	0.00000	0	0.00000	15	0.00002	0	0.00000	0	0.00000	19	0.00003	0	0.00000	0	0.00000	0	0.00000	19	0.00002
Planctomycetales	112	O	48	0.00007	0	0.00000	43	0.00005	32	0.00004	55	0.00006	142	0.00010	22	0.00003	43	0.00004	0	0.00000	29	0.00005	0	0.00000	0	0.00000	0	0.00000	51	0.00005	32	0.00004	0	0.00000	0	0.00000	22	0.00003	21	0.00002	0	0.00000	18	0.00002	41	0.00006	0	0.00000	0	0.00000	25	0.00004	17	0.00002	0	0.00000	0	0.00000	30	0.00004
Pirellulales	2691354	O	32	0.00005	0	0.00000	56	0.00007	23	0.00003	97	0.00010	146	0.00010	30	0.00004	40	0.00004	0	0.00000	30	0.00005	0	0.00000	0	0.00000	18	0.00003	70	0.00007	31	0.00004	0	0.00000	0	0.00000	17	0.00002	16	0.00002	0	0.00000	23	0.00003	21	0.00003	0	0.00000	0	0.00000	16	0.00003	15	0.00002	0	0.00000	0	0.00000	29	0.00003
Gemmatales	2691355	O	27	0.00004	0	0.00000	23	0.00003	10	0.00001	10	0.00001	34	0.00002	18	0.00002	42	0.00004	0	0.00000	10	0.00002	0	0.00000	0	0.00000	0	0.00000	22	0.00002	11	0.00001	0	0.00000	0	0.00000	12	0.00002	0	0.00000	0	0.00000	10	0.00001	0	0.00000	0	0.00000	0	0.00000	0	0.00000	0	0.00000	0	0.00000	0	0.00000	15	0.00002
Isosphaerales	2691356	O	21	0.00003	0	0.00000	14	0.00002	0	0.00000	14	0.00002	14	0.00001	0	0.00000	13	0.00001	0	0.00000	11	0.00002	0	0.00000	0	0.00000	0	0.00000	27	0.00003	0	0.00000	0	0.00000	0	0.00000	0	0.00000	0	0.00000	0	0.00000	0	0.00000	16	0.00002	0	0.00000	0	0.00000	0	0.00000	0	0.00000	0	0.00000	0	0.00000	15	0.00002
Phycisphaerales	666506	O	12	0.00002	0	0.00000	0	0.00000	0	0.00000	0	0.00000	13	0.00001	0	0.00000	0	0.00000	0	0.00000	0	0.00000	0	0.00000	0	0.00000	0	0.00000	0	0.00000	0	0.00000	0	0.00000	0	0.00000	0	0.00000	0	0.00000	0	0.00000	0	0.00000	0	0.00000	0	0.00000	0	0.00000	0	0.00000	0	0.00000	0	0.00000	0	0.00000	0	0.00000
Chlamydiales	51291	O	122	0.00019	482	0.00054	101	0.00012	19	0.00002	24	0.00003	324	0.00022	255	0.00034	110	0.00011	0	0.00000	188	0.00031	0	0.00000	151	0.00019	82	0.00012	43	0.00004	785	0.00105	17	0.00003	77	0.00007	13838	0.01737	249	0.00027	812	0.00062	0	0.00000	188	0.00026	498	0.00043	14	0.00002	88	0.00014	28	0.00003	81	0.00013	46	0.00005	0	0.00000
Verrucomicrobiales	48461	O	46	0.00007	0	0.00000	58	0.00007	24	0.00003	90	0.00010	150	0.00010	24	0.00003	38	0.00004	0	0.00000	38	0.00006	0	0.00000	14	0.00002	20	0.00003	123	0.00012	25	0.00003	0	0.00000	0	0.00000	19	0.00002	23	0.00003	19	0.00001	28	0.00003	39	0.00005	10	0.00001	0	0.00000	16	0.00003	0	0.00000	0	0.00000	0	0.00000	21	0.00003
Opitutales	415000	O	38	0.00006	0	0.00000	18	0.00002	0	0.00000	22	0.00002	76	0.00005	10	0.00001	53	0.00005	0	0.00000	0	0.00000	0	0.00000	0	0.00000	0	0.00000	23	0.00002	0	0.00000	0	0.00000	0	0.00000	16	0.00002	0	0.00000	0	0.00000	19	0.00002	17	0.00002	0	0.00000	0	0.00000	12	0.00002	0	0.00000	0	0.00000	0	0.00000	11	0.00001
Tichowtungiales	2907185	O	14	0.00002	0	0.00000	0	0.00000	0	0.00000	0	0.00000	0	0.00000	0	0.00000	0	0.00000	0	0.00000	0	0.00000	0	0.00000	0	0.00000	0	0.00000	0	0.00000	0	0.00000	0	0.00000	0	0.00000	0	0.00000	0	0.00000	0	0.00000	0	0.00000	0	0.00000	0	0.00000	0	0.00000	0	0.00000	0	0.00000	0	0.00000	0	0.00000	0	0.00000
Myxococcales	29	O	148	0.00023	0	0.00000	102	0.00012	62	0.00007	61	0.00007	140	0.00010	34	0.00004	82	0.00008	14	0.00002	36	0.00006	15	0.00002	0	0.00000	22	0.00003	89	0.00009	34	0.00005	0	0.00000	0	0.00000	44	0.00006	19	0.00002	0	0.00000	42	0.00005	58	0.00008	11	0.00001	14	0.00002	41	0.00007	20	0.00002	0	0.00000	0	0.00000	55	0.00007
Polyangiales	3031712	O	67	0.00010	0	0.00000	53	0.00006	21	0.00002	32	0.00003	59	0.00004	18	0.00002	40	0.00004	0	0.00000	17	0.00003	0	0.00000	0	0.00000	0	0.00000	58	0.00006	20	0.00003	0	0.00000	0	0.00000	142	0.00018	15	0.00002	0	0.00000	0	0.00000	46	0.00006	0	0.00000	14	0.00002	29	0.00005	0	0.00000	0	0.00000	0	0.00000	35	0.00004
Haliangiales	3031714	O	15	0.00002	0	0.00000	0	0.00000	0	0.00000	0	0.00000	0	0.00000	10	0.00001	11	0.00001	0	0.00000	0	0.00000	0	0.00000	0	0.00000	0	0.00000	0	0.00000	0	0.00000	0	0.00000	0	0.00000	0	0.00000	0	0.00000	0	0.00000	0	0.00000	0	0.00000	0	0.00000	0	0.00000	0	0.00000	0	0.00000	0	0.00000	0	0.00000	0	0.00000
Nannocystales	3031713	O	11	0.00002	0	0.00000	14	0.00002	0	0.00000	0	0.00000	0	0.00000	0	0.00000	10	0.00001	0	0.00000	0	0.00000	0	0.00000	0	0.00000	0	0.00000	14	0.00001	0	0.00000	0	0.00000	0	0.00000	0	0.00000	0	0.00000	0	0.00000	0	0.00000	0	0.00000	0	0.00000	0	0.00000	0	0.00000	0	0.00000	0	0.00000	0	0.00000	0	0.00000
Terriglobales	204433	O	59	0.00009	0	0.00000	24	0.00003	23	0.00003	52	0.00006	83	0.00006	19	0.00003	58	0.00006	0	0.00000	31	0.00005	0	0.00000	0	0.00000	15	0.00002	47	0.00005	17	0.00002	0	0.00000	0	0.00000	12	0.00002	0	0.00000	0	0.00000	14	0.00002	18	0.00002	0	0.00000	0	0.00000	13	0.00002	0	0.00000	0	0.00000	0	0.00000	13	0.00002
Holophagales	574975	O	35	0.00005	0	0.00000	23	0.00003	0	0.00000	11	0.00001	55	0.00004	0	0.00000	18	0.00002	0	0.00000	18	0.00003	0	0.00000	0	0.00000	12	0.00002	26	0.00002	0	0.00000	0	0.00000	0	0.00000	0	0.00000	0	0.00000	0	0.00000	0	0.00000	10	0.00001	0	0.00000	0	0.00000	0	0.00000	0	0.00000	0	0.00000	0	0.00000	19	0.00002
Vicinamibacterales	2910145	O	12	0.00002	0	0.00000	0	0.00000	0	0.00000	22	0.00002	31	0.00002	0	0.00000	19	0.00002	0	0.00000	0	0.00000	0	0.00000	0	0.00000	0	0.00000	11	0.00001	0	0.00000	0	0.00000	0	0.00000	0	0.00000	0	0.00000	0	0.00000	0	0.00000	0	0.00000	0	0.00000	0	0.00000	10	0.00002	0	0.00000	0	0.00000	0	0.00000	0	0.00000
Synergistales	649776	O	109	0.00017	17	0.00002	65	0.00008	42	0.00005	78	0.00008	141	0.00010	39	0.00005	24	0.00002	28	0.00004	45	0.00007	30	0.00004	13	0.00002	14	0.00002	82	0.00008	31	0.00004	0	0.00000	0	0.00000	45	0.00006	31	0.00003	23	0.00002	18	0.00002	60	0.00008	18	0.00002	0	0.00000	18	0.00003	22	0.00003	0	0.00000	10	0.00001	33	0.00004
Spirochaetales	136	O	78	0.00012	31	0.00003	1884	0.00227	292	0.00034	2959	0.00319	11126	0.00769	1256	0.00166	121	0.00012	53	0.00008	1251	0.00203	180	0.00027	1180	0.00147	889	0.00129	2056	0.00197	1201	0.00161	10	0.00002	97	0.00009	3466	0.00435	545	0.00059	776	0.00060	1006	0.00116	372	0.00051	40	0.00003	82	0.00011	209	0.00033	1079	0.00131	406	0.00065	93	0.00010	66	0.00008
Leptospirales	1643688	O	27	0.00004	0	0.00000	0	0.00000	10	0.00001	28	0.00003	125	0.00009	18	0.00002	45	0.00004	0	0.00000	14	0.00002	0	0.00000	0	0.00000	0	0.00000	20	0.00002	0	0.00000	0	0.00000	11	0.00001	40	0.00005	0	0.00000	10	0.00001	16	0.00002	46	0.00006	0	0.00000	88	0.00012	0	0.00000	0	0.00000	0	0.00000	0	0.00000	0	0.00000
Campylobacterales	213849	O	93	0.00014	60	0.00007	5715	0.00689	102	0.00012	281	0.00030	495	0.00034	88	0.00012	115	0.00011	23	0.00004	147	0.00024	88	0.00013	288	0.00036	84	0.00012	202	0.00019	254	0.00034	22	0.00004	104	0.00010	2867	0.00360	66	0.00007	41	0.00003	56	0.00006	118	0.00016	104	0.00009	16	0.00002	100	0.00016	69	0.00008	193	0.00031	58	0.00006	63	0.00008
Fusobacteriales	203491	O	53	0.00008	0	0.00000	43	0.00005	38	0.00004	253	0.00027	126	0.00009	54	0.00007	81	0.00008	16	0.00002	38	0.00006	0	0.00000	0	0.00000	66	0.00010	312	0.00030	53	0.00007	0	0.00000	10	0.00001	39	0.00005	47	0.00005	17	0.00001	21	0.00002	103	0.00014	26	0.00002	29	0.00004	23	0.00004	25	0.00003	0	0.00000	14	0.00002	21	0.00003
Nitrospirales	189778	O	30	0.00005	0	0.00000	24	0.00003	32	0.00004	13	0.00001	40	0.00003	10	0.00001	19	0.00002	0	0.00000	0	0.00000	0	0.00000	0	0.00000	0	0.00000	27	0.00003	0	0.00000	0	0.00000	0	0.00000	26	0.00003	10	0.00001	0	0.00000	0	0.00000	11	0.00002	0	0.00000	13	0.00002	28	0.00004	11	0.00001	0	0.00000	0	0.00000	28	0.00003
Bradymonadales	1779134	O	13	0.00002	0	0.00000	27	0.00003	0	0.00000	0	0.00000	10	0.00001	0	0.00000	0	0.00000	0	0.00000	0	0.00000	0	0.00000	0	0.00000	0	0.00000	15	0.00001	0	0.00000	0	0.00000	0	0.00000	133	0.00017	0	0.00000	0	0.00000	0	0.00000	10	0.00001	0	0.00000	0	0.00000	0	0.00000	0	0.00000	0	0.00000	0	0.00000	0	0.00000
Bdellovibrionales	213481	O	10	0.00002	0	0.00000	10	0.00001	10	0.00001	11	0.00001	18	0.00001	0	0.00000	12	0.00001	0	0.00000	0	0.00000	0	0.00000	0	0.00000	0	0.00000	15	0.00001	0	0.00000	0	0.00000	0	0.00000	12	0.00002	0	0.00000	0	0.00000	0	0.00000	0	0.00000	0	0.00000	0	0.00000	0	0.00000	0	0.00000	0	0.00000	0	0.00000	0	0.00000
Primates	9443	O	574	0.00089	150	0.00017	982	0.00118	905	0.00107	517	0.00056	2002	0.00138	598	0.00079	1317	0.00128	1043	0.00160	689	0.00112	256	0.00038	372	0.00046	631	0.00091	1233	0.00118	663	0.00089	503	0.00090	406	0.00039	660	0.00083	664	0.00072	536	0.00041	474	0.00055	854	0.00117	121	0.00010	211	0.00028	704	0.00112	389	0.00047	205	0.00033	292	0.00032	572	0.00069
Halobacteriales	2235	O	90	0.00014	0	0.00000	55	0.00007	36	0.00004	52	0.00006	91	0.00006	31	0.00004	68	0.00007	13	0.00002	29	0.00005	0	0.00000	0	0.00000	22	0.00003	69	0.00007	28	0.00004	0	0.00000	0	0.00000	31	0.00004	13	0.00001	0	0.00000	23	0.00003	52	0.00007	0	0.00000	0	0.00000	21	0.00003	12	0.00001	0	0.00000	0	0.00000	47	0.00006
Natrialbales	1644060	O	43	0.00007	0	0.00000	30	0.00004	14	0.00002	31	0.00003	51	0.00004	0	0.00000	20	0.00002	0	0.00000	19	0.00003	0	0.00000	0	0.00000	0	0.00000	37	0.00004	11	0.00001	0	0.00000	0	0.00000	10	0.00001	0	0.00000	0	0.00000	0	0.00000	20	0.00003	0	0.00000	0	0.00000	11	0.00002	0	0.00000	0	0.00000	0	0.00000	14	0.00002
Haloferacales	1644055	O	40	0.00006	0	0.00000	31	0.00004	20	0.00002	25	0.00003	57	0.00004	13	0.00002	43	0.00004	0	0.00000	26	0.00004	0	0.00000	0	0.00000	0	0.00000	38	0.00004	0	0.00000	0	0.00000	0	0.00000	13	0.00002	0	0.00000	0	0.00000	15	0.00002	31	0.00004	0	0.00000	0	0.00000	10	0.00002	0	0.00000	0	0.00000	0	0.00000	26	0.00003
Methanomicrobiales	2191	O	17	0.00003	0	0.00000	0	0.00000	12	0.00001	11	0.00001	15	0.00001	0	0.00000	12	0.00001	0	0.00000	0	0.00000	0	0.00000	0	0.00000	0	0.00000	21	0.00002	0	0.00000	0	0.00000	0	0.00000	0	0.00000	0	0.00000	0	0.00000	10	0.00001	0	0.00000	0	0.00000	0	0.00000	0	0.00000	0	0.00000	0	0.00000	0	0.00000	0	0.00000
Thermococcales	2258	O	11	0.00002	0	0.00000	0	0.00000	11	0.00001	26	0.00003	22	0.00002	0	0.00000	20	0.00002	0	0.00000	10	0.00002	0	0.00000	0	0.00000	0	0.00000	27	0.00003	0	0.00000	0	0.00000	0	0.00000	0	0.00000	0	0.00000	0	0.00000	0	0.00000	0	0.00000	0	0.00000	0	0.00000	0	0.00000	0	0.00000	0	0.00000	0	0.00000	13	0.00002
Stellavirales	2732551	O	67	0.00010	72	0.00008	28	0.00003	22	0.00003	592	0.00064	69	0.00005	41	0.00005	0	0.00000	71	0.00011	134	0.00022	13	0.00002	10	0.00001	30	0.00004	364	0.00035	0	0.00000	50	0.00009	296	0.00028	469	0.00059	29	0.00003	42	0.00003	434	0.00050	30	0.00004	132	0.00011	0	0.00000	0	0.00000	99	0.00012	30	0.00005	0	0.00000	24	0.00003
Picornavirales	464095	O	33	0.00005	0	0.00000	26	0.00003	43	0.00005	31	0.00003	97	0.00007	0	0.00000	520	0.00051	0	0.00000	0	0.00000	35	0.00005	0	0.00000	0	0.00000	0	0.00000	27	0.00004	26	0.00005	25	0.00002	57	0.00007	12	0.00001	38	0.00003	29	0.00003	0	0.00000	145	0.00013	0	0.00000	32	0.00005	92	0.00011	48	0.00008	0	0.00000	0	0.00000
Crassvirales	1978007	O	75	0.00012	0	0.00000	57	0.00007	749	0.00088	38	0.00004	0	0.00000	63	0.00008	0	0.00000	101	0.00015	47	0.00008	0	0.00000	0	0.00000	17	0.00002	105	0.00010	28	0.00004	0	0.00000	22	0.00002	52	0.00007	133	0.00014	23	0.00002	32	0.00004	0	0.00000	0	0.00000	88	0.00012	0	0.00000	0	0.00000	0	0.00000	0	0.00000	0	0.00000
Thermosediminibacterales	2770089	O	0	0.00000	11	0.00001	28	0.00003	11	0.00001	49	0.00005	44	0.00003	13	0.00002	0	0.00000	0	0.00000	23	0.00004	15	0.00002	28	0.00003	13	0.00002	36	0.00003	0	0.00000	16	0.00003	36	0.00003	10	0.00001	12	0.00001	79	0.00006	51	0.00006	0	0.00000	43	0.00004	0	0.00000	12	0.00002	22	0.00003	31	0.00005	29	0.00003	15	0.00002
Limnochordales	1676649	O	0	0.00000	43	0.00005	59	0.00007	39	0.00005	50	0.00005	86	0.00006	34	0.00004	43	0.00004	10	0.00002	91	0.00015	49	0.00007	92	0.00011	49	0.00007	29	0.00003	12	0.00002	40	0.00007	79	0.00008	50	0.00006	19	0.00002	152	0.00012	186	0.00022	0	0.00000	43	0.00004	0	0.00000	20	0.00003	51	0.00006	93	0.00015	47	0.00005	31	0.00004
Egicoccales	1755823	O	0	0.00000	32	0.00004	0	0.00000	12	0.00001	0	0.00000	43	0.00003	0	0.00000	16	0.00002	0	0.00000	10	0.00002	0	0.00000	13	0.00002	12	0.00002	0	0.00000	0	0.00000	0	0.00000	0	0.00000	10	0.00001	11	0.00001	34	0.00003	10	0.00001	0	0.00000	13	0.00001	15	0.00002	38	0.00006	16	0.00002	13	0.00002	29	0.00003	0	0.00000
Euzebyales	908621	O	0	0.00000	18	0.00002	139	0.00017	61	0.00007	161	0.00017	0	0.00000	0	0.00000	0	0.00000	0	0.00000	0	0.00000	123	0.00018	71	0.00009	0	0.00000	31	0.00003	0	0.00000	0	0.00000	0	0.00000	12	0.00002	0	0.00000	142	0.00011	38	0.00004	0	0.00000	76	0.00007	187	0.00025	16	0.00003	16	0.00002	0	0.00000	0	0.00000	428	0.00052
Anaerolineales	292629	O	0	0.00000	397	0.00045	60	0.00007	378	0.00045	73	0.00008	192	0.00013	51	0.00007	211	0.00021	183	0.00028	111	0.00018	404	0.00060	380	0.00047	82	0.00012	200	0.00019	44	0.00006	445	0.00080	254	0.00024	70	0.00009	241	0.00026	1202	0.00092	446	0.00052	13	0.00002	123	0.00011	0	0.00000	117	0.00019	241	0.00029	181	0.00029	191	0.00021	75	0.00009
Phototrophicales	2364208	O	0	0.00000	26	0.00003	55	0.00007	55	0.00006	55	0.00006	33	0.00002	20	0.00003	62	0.00006	16	0.00002	48	0.00008	65	0.00010	62	0.00008	27	0.00004	27	0.00003	0	0.00000	67	0.00012	134	0.00013	19	0.00002	39	0.00004	156	0.00012	67	0.00008	0	0.00000	70	0.00006	10	0.00001	39	0.00006	40	0.00005	88	0.00014	162	0.00018	22	0.00003
Entomoplasmatales	186328	O	0	0.00000	63	0.00007	92	0.00011	93	0.00011	274	0.00030	296	0.00020	106	0.00014	336	0.00033	36	0.00006	112	0.00018	126	0.00019	327	0.00041	94	0.00014	142	0.00014	59	0.00008	84	0.00015	227	0.00022	53	0.00007	177	0.00019	453	0.00035	387	0.00045	60	0.00008	108	0.00009	21	0.00003	150	0.00024	252	0.00031	224	0.00036	184	0.00020	122	0.00015
Mycoplasmoidales	2790996	O	0	0.00000	119	0.00013	84	0.00010	91	0.00011	107	0.00012	385	0.00027	142	0.00019	73	0.00007	35	0.00005	42	0.00007	75	0.00011	249	0.00031	81	0.00012	136	0.00013	0	0.00000	37	0.00007	185	0.00018	64	0.00008	96	0.00010	287	0.00022	212	0.00025	331	0.00045	147	0.00013	41	0.00005	108	0.00017	286	0.00035	476	0.00076	235	0.00026	47	0.00006
Trueperales	2762275	O	0	0.00000	22	0.00002	17	0.00002	0	0.00000	12	0.00001	19	0.00001	0	0.00000	13	0.00001	0	0.00000	12	0.00002	26	0.00004	13	0.00002	13	0.00002	10	0.00001	0	0.00000	13	0.00002	44	0.00004	0	0.00000	31	0.00003	32	0.00002	29	0.00003	0	0.00000	18	0.00002	18	0.00002	0	0.00000	46	0.00006	35	0.00006	27	0.00003	19	0.00002
Fimbriimonadales	1663425	O	0	0.00000	12	0.00001	11	0.00001	17	0.00002	33	0.00004	21	0.00001	0	0.00000	0	0.00000	16	0.00002	10	0.00002	18	0.00003	31	0.00004	21	0.00003	33	0.00003	0	0.00000	14	0.00003	39	0.00004	0	0.00000	0	0.00000	79	0.00006	65	0.00008	0	0.00000	31	0.00003	0	0.00000	0	0.00000	44	0.00005	55	0.00009	39	0.00004	18	0.00002
Capsulimonadales	2494207	O	0	0.00000	10	0.00001	15	0.00002	11	0.00001	21	0.00002	21	0.00001	0	0.00000	15	0.00001	0	0.00000	13	0.00002	19	0.00003	34	0.00004	0	0.00000	0	0.00000	0	0.00000	13	0.00002	29	0.00003	13	0.00002	10	0.00001	41	0.00003	39	0.00005	0	0.00000	29	0.00003	0	0.00000	12	0.00002	25	0.00003	17	0.00003	12	0.00001	17	0.00002
Caldicellulosiruptorales	3071001	O	0	0.00000	0	0.00000	19	0.00002	26	0.00003	80	0.00009	94	0.00006	19	0.00003	0	0.00000	0	0.00000	18	0.00003	0	0.00000	17	0.00002	28	0.00004	31	0.00003	10	0.00001	0	0.00000	0	0.00000	13	0.00002	11	0.00001	26	0.00002	18	0.00002	13	0.00002	16	0.00001	0	0.00000	11	0.00002	23	0.00003	0	0.00000	10	0.00001	0	0.00000
Jatrophihabitantales	2805415	O	0	0.00000	0	0.00000	17	0.00002	11	0.00001	0	0.00000	11	0.00001	0	0.00000	0	0.00000	0	0.00000	0	0.00000	0	0.00000	14	0.00002	0	0.00000	16	0.00002	0	0.00000	0	0.00000	0	0.00000	0	0.00000	0	0.00000	0	0.00000	12	0.00001	0	0.00000	0	0.00000	0	0.00000	0	0.00000	0	0.00000	0	0.00000	0	0.00000	0	0.00000
Nakamurellales	1643684	O	0	0.00000	0	0.00000	13	0.00002	0	0.00000	22	0.00002	38	0.00003	0	0.00000	0	0.00000	0	0.00000	18	0.00003	10	0.00001	0	0.00000	0	0.00000	16	0.00002	0	0.00000	0	0.00000	0	0.00000	13	0.00002	0	0.00000	15	0.00001	20	0.00002	0	0.00000	0	0.00000	0	0.00000	12	0.00002	0	0.00000	0	0.00000	0	0.00000	0	0.00000
Candidatus Nanopelagicales	2039638	O	0	0.00000	0	0.00000	13	0.00002	13	0.00002	25	0.00003	18	0.00001	17	0.00002	12	0.00001	0	0.00000	17	0.00003	14	0.00002	17	0.00002	14	0.00002	22	0.00002	0	0.00000	0	0.00000	66	0.00006	0	0.00000	47	0.00005	30	0.00002	32	0.00004	0	0.00000	13	0.00001	12	0.00002	0	0.00000	35	0.00004	42	0.00007	27	0.00003	20	0.00002
Ktedonobacterales	388448	O	0	0.00000	0	0.00000	12	0.00001	0	0.00000	0	0.00000	10	0.00001	0	0.00000	0	0.00000	0	0.00000	0	0.00000	0	0.00000	0	0.00000	0	0.00000	19	0.00002	0	0.00000	0	0.00000	0	0.00000	0	0.00000	0	0.00000	21	0.00002	19	0.00002	0	0.00000	11	0.00001	0	0.00000	0	0.00000	0	0.00000	0	0.00000	10	0.00001	0	0.00000
Thermoflexales	1495647	O	0	0.00000	0	0.00000	15	0.00002	0	0.00000	0	0.00000	0	0.00000	0	0.00000	0	0.00000	0	0.00000	0	0.00000	0	0.00000	0	0.00000	0	0.00000	0	0.00000	0	0.00000	0	0.00000	0	0.00000	0	0.00000	0	0.00000	0	0.00000	48	0.00006	0	0.00000	0	0.00000	0	0.00000	0	0.00000	0	0.00000	0	0.00000	0	0.00000	0	0.00000
Candidatus Izemoplasmatales	2975519	O	0	0.00000	0	0.00000	12	0.00001	13	0.00002	43	0.00005	32	0.00002	28	0.00004	33	0.00003	0	0.00000	27	0.00004	10	0.00001	46	0.00006	18	0.00003	28	0.00003	0	0.00000	16	0.00003	35	0.00003	0	0.00000	25	0.00003	54	0.00004	67	0.00008	16	0.00002	15	0.00001	0	0.00000	25	0.00004	15	0.00002	34	0.00005	18	0.00002	10	0.00001
Sphaerobacterales	85001	O	0	0.00000	0	0.00000	10	0.00001	0	0.00000	0	0.00000	0	0.00000	0	0.00000	0	0.00000	0	0.00000	0	0.00000	0	0.00000	0	0.00000	0	0.00000	0	0.00000	0	0.00000	0	0.00000	0	0.00000	0	0.00000	0	0.00000	0	0.00000	10	0.00001	0	0.00000	0	0.00000	0	0.00000	0	0.00000	0	0.00000	0	0.00000	0	0.00000	0	0.00000
Fibrobacterales	218872	O	0	0.00000	0	0.00000	19	0.00002	0	0.00000	48	0.00005	17	0.00001	0	0.00000	0	0.00000	0	0.00000	0	0.00000	0	0.00000	0	0.00000	0	0.00000	72	0.00007	11	0.00001	0	0.00000	0	0.00000	28	0.00004	0	0.00000	0	0.00000	75	0.00009	0	0.00000	0	0.00000	0	0.00000	0	0.00000	15	0.00002	25	0.00004	0	0.00000	0	0.00000
Candidatus Pelagibacterales	54526	O	0	0.00000	0	0.00000	10	0.00001	0	0.00000	0	0.00000	14	0.00001	0	0.00000	0	0.00000	0	0.00000	0	0.00000	0	0.00000	0	0.00000	0	0.00000	0	0.00000	0	0.00000	0	0.00000	0	0.00000	26	0.00003	0	0.00000	0	0.00000	0	0.00000	0	0.00000	0	0.00000	0	0.00000	0	0.00000	0	0.00000	0	0.00000	0	0.00000	0	0.00000
Acidithiobacillales	225057	O	0	0.00000	0	0.00000	12	0.00001	0	0.00000	17	0.00002	14	0.00001	0	0.00000	17	0.00002	0	0.00000	0	0.00000	0	0.00000	0	0.00000	0	0.00000	18	0.00002	0	0.00000	0	0.00000	0	0.00000	12	0.00002	0	0.00000	0	0.00000	0	0.00000	0	0.00000	0	0.00000	0	0.00000	0	0.00000	0	0.00000	0	0.00000	0	0.00000	0	0.00000
Limisphaerales	134621	O	0	0.00000	0	0.00000	12	0.00001	16	0.00002	11	0.00001	17	0.00001	39	0.00005	14	0.00001	0	0.00000	11	0.00002	0	0.00000	0	0.00000	0	0.00000	14	0.00001	49	0.00007	0	0.00000	0	0.00000	0	0.00000	30	0.00003	0	0.00000	12	0.00001	19	0.00003	0	0.00000	0	0.00000	25	0.00004	14	0.00002	0	0.00000	0	0.00000	0	0.00000
Deferribacterales	191393	O	0	0.00000	0	0.00000	223	0.00027	0	0.00000	35	0.00004	40	0.00003	0	0.00000	0	0.00000	0	0.00000	0	0.00000	0	0.00000	0	0.00000	0	0.00000	28	0.00003	16	0.00002	0	0.00000	0	0.00000	44	0.00006	0	0.00000	0	0.00000	0	0.00000	0	0.00000	26	0.00002	0	0.00000	0	0.00000	0	0.00000	0	0.00000	0	0.00000	0	0.00000
Thermotogales	2419	O	0	0.00000	0	0.00000	12	0.00001	0	0.00000	23	0.00002	50	0.00003	0	0.00000	0	0.00000	0	0.00000	13	0.00002	0	0.00000	0	0.00000	0	0.00000	27	0.00003	0	0.00000	0	0.00000	0	0.00000	0	0.00000	0	0.00000	0	0.00000	0	0.00000	0	0.00000	0	0.00000	0	0.00000	13	0.00002	0	0.00000	0	0.00000	0	0.00000	0	0.00000
Methanobacteriales	2158	O	0	0.00000	0	0.00000	101	0.00012	27	0.00003	93	0.00010	1404	0.00097	25	0.00003	35	0.00003	0	0.00000	83	0.00013	60	0.00009	141	0.00018	0	0.00000	327	0.00031	264	0.00035	0	0.00000	0	0.00000	3065	0.00385	113	0.00012	1270	0.00097	0	0.00000	92	0.00013	0	0.00000	11	0.00001	14	0.00002	69	0.00008	76	0.00012	30	0.00003	38	0.00005
Methanomassiliicoccales	1235850	O	0	0.00000	0	0.00000	230	0.00028	18	0.00002	262	0.00028	441	0.00030	146	0.00019	0	0.00000	95	0.00015	99	0.00016	37	0.00005	87	0.00011	307	0.00044	134	0.00013	263	0.00035	0	0.00000	63	0.00006	430	0.00054	17	0.00002	756	0.00058	135	0.00016	56	0.00008	17	0.00001	0	0.00000	77	0.00012	101	0.00012	68	0.00011	38	0.00004	0	0.00000
Sulfolobales	2281	O	0	0.00000	0	0.00000	14	0.00002	0	0.00000	0	0.00000	0	0.00000	0	0.00000	0	0.00000	0	0.00000	0	0.00000	0	0.00000	0	0.00000	0	0.00000	0	0.00000	0	0.00000	0	0.00000	0	0.00000	0	0.00000	0	0.00000	0	0.00000	0	0.00000	0	0.00000	0	0.00000	0	0.00000	0	0.00000	0	0.00000	0	0.00000	0	0.00000	0	0.00000
Pleurocapsales	52604	O	0	0.00000	0	0.00000	0	0.00000	41	0.00005	36	0.00004	66	0.00005	28	0.00004	42	0.00004	0	0.00000	17	0.00003	24	0.00004	33	0.00004	50	0.00007	28	0.00003	0	0.00000	0	0.00000	36	0.00003	0	0.00000	27	0.00003	85	0.00007	71	0.00008	0	0.00000	26	0.00002	0	0.00000	0	0.00000	39	0.00005	15	0.00002	0	0.00000	0	0.00000
Rickettsiales	766	O	0	0.00000	0	0.00000	0	0.00000	16	0.00002	48	0.00005	38	0.00003	0	0.00000	15	0.00001	0	0.00000	15	0.00002	0	0.00000	0	0.00000	0	0.00000	20	0.00002	0	0.00000	0	0.00000	0	0.00000	18	0.00002	0	0.00000	0	0.00000	12	0.00001	21	0.00003	0	0.00000	0	0.00000	0	0.00000	0	0.00000	0	0.00000	0	0.00000	0	0.00000
Thermodesulfobacteriales	188710	O	0	0.00000	0	0.00000	0	0.00000	16	0.00002	0	0.00000	19	0.00001	0	0.00000	0	0.00000	0	0.00000	0	0.00000	0	0.00000	0	0.00000	11	0.00002	0	0.00000	0	0.00000	0	0.00000	0	0.00000	0	0.00000	0	0.00000	0	0.00000	0	0.00000	0	0.00000	0	0.00000	0	0.00000	0	0.00000	0	0.00000	0	0.00000	0	0.00000	0	0.00000
Methanosarcinales	94695	O	0	0.00000	0	0.00000	0	0.00000	11	0.00001	19	0.00002	38	0.00003	13	0.00002	16	0.00002	0	0.00000	0	0.00000	0	0.00000	0	0.00000	0	0.00000	22	0.00002	0	0.00000	0	0.00000	0	0.00000	0	0.00000	0	0.00000	0	0.00000	0	0.00000	0	0.00000	0	0.00000	0	0.00000	0	0.00000	0	0.00000	0	0.00000	0	0.00000	0	0.00000
Natranaerobiales	485256	O	0	0.00000	0	0.00000	0	0.00000	0	0.00000	12	0.00001	12	0.00001	0	0.00000	0	0.00000	0	0.00000	16	0.00003	0	0.00000	12	0.00001	0	0.00000	24	0.00002	0	0.00000	0	0.00000	0	0.00000	0	0.00000	0	0.00000	27	0.00002	27	0.00003	0	0.00000	0	0.00000	0	0.00000	0	0.00000	0	0.00000	0	0.00000	0	0.00000	0	0.00000
Koleobacterales	2786987	O	0	0.00000	0	0.00000	0	0.00000	0	0.00000	11	0.00001	13	0.00001	0	0.00000	0	0.00000	0	0.00000	0	0.00000	13	0.00002	28	0.00003	11	0.00002	0	0.00000	0	0.00000	0	0.00000	0	0.00000	0	0.00000	0	0.00000	14	0.00001	28	0.00003	0	0.00000	0	0.00000	0	0.00000	0	0.00000	0	0.00000	0	0.00000	0	0.00000	0	0.00000
Actinopolysporales	622450	O	0	0.00000	0	0.00000	0	0.00000	0	0.00000	29	0.00003	0	0.00000	0	0.00000	0	0.00000	0	0.00000	0	0.00000	0	0.00000	0	0.00000	0	0.00000	0	0.00000	0	0.00000	0	0.00000	0	0.00000	0	0.00000	0	0.00000	0	0.00000	0	0.00000	0	0.00000	0	0.00000	0	0.00000	0	0.00000	0	0.00000	0	0.00000	0	0.00000	0	0.00000
Chthonomonadales	1077263	O	0	0.00000	0	0.00000	0	0.00000	0	0.00000	10	0.00001	0	0.00000	0	0.00000	0	0.00000	0	0.00000	0	0.00000	0	0.00000	16	0.00002	0	0.00000	0	0.00000	0	0.00000	0	0.00000	0	0.00000	0	0.00000	0	0.00000	0	0.00000	0	0.00000	0	0.00000	0	0.00000	0	0.00000	0	0.00000	0	0.00000	0	0.00000	0	0.00000	0	0.00000
Saprospirales	1936988	O	0	0.00000	0	0.00000	0	0.00000	0	0.00000	30	0.00003	56	0.00004	0	0.00000	35	0.00003	0	0.00000	0	0.00000	0	0.00000	0	0.00000	0	0.00000	21	0.00002	0	0.00000	0	0.00000	0	0.00000	0	0.00000	0	0.00000	0	0.00000	0	0.00000	0	0.00000	0	0.00000	0	0.00000	0	0.00000	0	0.00000	0	0.00000	0	0.00000	0	0.00000
Candidatus Sulfidibacteriales	2923288	O	0	0.00000	0	0.00000	0	0.00000	0	0.00000	17	0.00002	33	0.00002	0	0.00000	0	0.00000	0	0.00000	0	0.00000	0	0.00000	0	0.00000	0	0.00000	0	0.00000	0	0.00000	0	0.00000	0	0.00000	0	0.00000	0	0.00000	0	0.00000	0	0.00000	0	0.00000	0	0.00000	0	0.00000	0	0.00000	0	0.00000	0	0.00000	0	0.00000	0	0.00000
Kordiimonadales	362534	O	0	0.00000	0	0.00000	0	0.00000	0	0.00000	15	0.00002	25	0.00002	0	0.00000	0	0.00000	0	0.00000	0	0.00000	0	0.00000	0	0.00000	0	0.00000	0	0.00000	0	0.00000	0	0.00000	0	0.00000	0	0.00000	0	0.00000	0	0.00000	0	0.00000	0	0.00000	0	0.00000	0	0.00000	0	0.00000	0	0.00000	0	0.00000	0	0.00000	0	0.00000
Maricaulales	2800059	O	0	0.00000	0	0.00000	0	0.00000	0	0.00000	15	0.00002	14	0.00001	0	0.00000	19	0.00002	0	0.00000	0	0.00000	0	0.00000	0	0.00000	0	0.00000	0	0.00000	0	0.00000	0	0.00000	0	0.00000	0	0.00000	0	0.00000	0	0.00000	0	0.00000	0	0.00000	0	0.00000	0	0.00000	0	0.00000	0	0.00000	0	0.00000	0	0.00000	0	0.00000
Holosporales	1921002	O	0	0.00000	0	0.00000	0	0.00000	0	0.00000	12	0.00001	10	0.00001	0	0.00000	0	0.00000	0	0.00000	0	0.00000	0	0.00000	0	0.00000	0	0.00000	0	0.00000	0	0.00000	0	0.00000	0	0.00000	0	0.00000	0	0.00000	0	0.00000	0	0.00000	0	0.00000	0	0.00000	0	0.00000	0	0.00000	0	0.00000	0	0.00000	0	0.00000	0	0.00000
Brachyspirales	1643686	O	0	0.00000	0	0.00000	0	0.00000	0	0.00000	18	0.00002	22	0.00002	0	0.00000	0	0.00000	0	0.00000	0	0.00000	0	0.00000	0	0.00000	0	0.00000	19	0.00002	0	0.00000	0	0.00000	0	0.00000	0	0.00000	0	0.00000	0	0.00000	0	0.00000	0	0.00000	0	0.00000	0	0.00000	0	0.00000	0	0.00000	0	0.00000	0	0.00000	0	0.00000
Sedimentisphaerales	2483366	O	0	0.00000	0	0.00000	0	0.00000	0	0.00000	10	0.00001	26	0.00002	0	0.00000	0	0.00000	0	0.00000	0	0.00000	0	0.00000	0	0.00000	0	0.00000	20	0.00002	0	0.00000	0	0.00000	0	0.00000	0	0.00000	0	0.00000	0	0.00000	0	0.00000	0	0.00000	0	0.00000	0	0.00000	0	0.00000	0	0.00000	0	0.00000	0	0.00000	0	0.00000
Puniceicoccales	415001	O	0	0.00000	0	0.00000	0	0.00000	0	0.00000	10	0.00001	23	0.00002	0	0.00000	0	0.00000	0	0.00000	0	0.00000	0	0.00000	0	0.00000	0	0.00000	0	0.00000	0	0.00000	0	0.00000	0	0.00000	0	0.00000	0	0.00000	0	0.00000	0	0.00000	0	0.00000	0	0.00000	0	0.00000	0	0.00000	0	0.00000	0	0.00000	0	0.00000	0	0.00000
Parachlamydiales	1963360	O	0	0.00000	0	0.00000	0	0.00000	0	0.00000	17	0.00002	222	0.00015	0	0.00000	0	0.00000	0	0.00000	10	0.00002	0	0.00000	0	0.00000	0	0.00000	18	0.00002	0	0.00000	0	0.00000	0	0.00000	17	0.00002	0	0.00000	25	0.00002	0	0.00000	0	0.00000	0	0.00000	0	0.00000	0	0.00000	12	0.00001	0	0.00000	0	0.00000	0	0.00000
Nautiliales	235899	O	0	0.00000	0	0.00000	0	0.00000	0	0.00000	19	0.00002	25	0.00002	0	0.00000	0	0.00000	0	0.00000	0	0.00000	0	0.00000	0	0.00000	0	0.00000	12	0.00001	0	0.00000	0	0.00000	0	0.00000	0	0.00000	0	0.00000	0	0.00000	0	0.00000	0	0.00000	0	0.00000	0	0.00000	0	0.00000	0	0.00000	0	0.00000	0	0.00000	0	0.00000
Kosmotogales	1643946	O	0	0.00000	0	0.00000	0	0.00000	0	0.00000	24	0.00003	12	0.00001	0	0.00000	0	0.00000	0	0.00000	0	0.00000	0	0.00000	0	0.00000	0	0.00000	0	0.00000	0	0.00000	0	0.00000	0	0.00000	0	0.00000	0	0.00000	0	0.00000	0	0.00000	0	0.00000	0	0.00000	0	0.00000	0	0.00000	0	0.00000	0	0.00000	0	0.00000	0	0.00000
Petrotogales	1643947	O	0	0.00000	0	0.00000	0	0.00000	0	0.00000	12	0.00001	12	0.00001	0	0.00000	0	0.00000	0	0.00000	0	0.00000	0	0.00000	0	0.00000	0	0.00000	14	0.00001	0	0.00000	0	0.00000	0	0.00000	0	0.00000	0	0.00000	0	0.00000	0	0.00000	0	0.00000	0	0.00000	0	0.00000	0	0.00000	0	0.00000	0	0.00000	0	0.00000	0	0.00000
Aquificales	32069	O	0	0.00000	0	0.00000	0	0.00000	0	0.00000	11	0.00001	33	0.00002	10	0.00001	0	0.00000	0	0.00000	0	0.00000	0	0.00000	0	0.00000	0	0.00000	0	0.00000	0	0.00000	0	0.00000	0	0.00000	0	0.00000	0	0.00000	0	0.00000	0	0.00000	0	0.00000	0	0.00000	0	0.00000	0	0.00000	0	0.00000	0	0.00000	0	0.00000	0	0.00000
Endomicrobiales	1783344	O	0	0.00000	0	0.00000	0	0.00000	0	0.00000	10	0.00001	10	0.00001	0	0.00000	0	0.00000	0	0.00000	0	0.00000	0	0.00000	0	0.00000	0	0.00000	0	0.00000	0	0.00000	0	0.00000	0	0.00000	0	0.00000	0	0.00000	0	0.00000	0	0.00000	0	0.00000	0	0.00000	0	0.00000	0	0.00000	0	0.00000	0	0.00000	0	0.00000	0	0.00000
Ignavibacteriales	795748	O	0	0.00000	0	0.00000	0	0.00000	0	0.00000	0	0.00000	42	0.00003	0	0.00000	0	0.00000	0	0.00000	0	0.00000	0	0.00000	0	0.00000	0	0.00000	0	0.00000	0	0.00000	0	0.00000	0	0.00000	0	0.00000	0	0.00000	0	0.00000	0	0.00000	0	0.00000	0	0.00000	0	0.00000	0	0.00000	0	0.00000	0	0.00000	0	0.00000	0	0.00000
Kangiellales	2887327	O	0	0.00000	0	0.00000	0	0.00000	0	0.00000	0	0.00000	21	0.00001	0	0.00000	0	0.00000	0	0.00000	0	0.00000	0	0.00000	0	0.00000	0	0.00000	0	0.00000	0	0.00000	0	0.00000	0	0.00000	0	0.00000	0	0.00000	0	0.00000	0	0.00000	0	0.00000	0	0.00000	0	0.00000	0	0.00000	0	0.00000	0	0.00000	0	0.00000	0	0.00000
Emcibacterales	2066490	O	0	0.00000	0	0.00000	0	0.00000	0	0.00000	0	0.00000	26	0.00002	0	0.00000	0	0.00000	0	0.00000	0	0.00000	0	0.00000	0	0.00000	0	0.00000	0	0.00000	0	0.00000	0	0.00000	0	0.00000	0	0.00000	0	0.00000	0	0.00000	0	0.00000	0	0.00000	0	0.00000	0	0.00000	0	0.00000	0	0.00000	0	0.00000	0	0.00000	0	0.00000
Desulfatiglandales	3024414	O	0	0.00000	0	0.00000	0	0.00000	0	0.00000	0	0.00000	12	0.00001	0	0.00000	0	0.00000	0	0.00000	0	0.00000	0	0.00000	0	0.00000	0	0.00000	0	0.00000	0	0.00000	0	0.00000	0	0.00000	0	0.00000	0	0.00000	0	0.00000	0	0.00000	0	0.00000	0	0.00000	0	0.00000	0	0.00000	0	0.00000	0	0.00000	0	0.00000	0	0.00000
Desulfobaccales	3031655	O	0	0.00000	0	0.00000	0	0.00000	0	0.00000	0	0.00000	15	0.00001	0	0.00000	0	0.00000	0	0.00000	0	0.00000	0	0.00000	0	0.00000	0	0.00000	0	0.00000	0	0.00000	0	0.00000	0	0.00000	0	0.00000	0	0.00000	0	0.00000	0	0.00000	0	0.00000	0	0.00000	0	0.00000	0	0.00000	0	0.00000	0	0.00000	0	0.00000	0	0.00000
Acanthopleuribacterales	533206	O	0	0.00000	0	0.00000	0	0.00000	0	0.00000	0	0.00000	13	0.00001	0	0.00000	0	0.00000	0	0.00000	13	0.00002	0	0.00000	0	0.00000	0	0.00000	10	0.00001	0	0.00000	0	0.00000	0	0.00000	0	0.00000	0	0.00000	0	0.00000	0	0.00000	0	0.00000	0	0.00000	0	0.00000	0	0.00000	0	0.00000	0	0.00000	0	0.00000	0	0.00000
Candidatus Nanosynbacterales	2093819	O	0	0.00000	0	0.00000	0	0.00000	0	0.00000	0	0.00000	22	0.00002	0	0.00000	0	0.00000	0	0.00000	0	0.00000	0	0.00000	0	0.00000	17	0.00002	41	0.00004	0	0.00000	0	0.00000	0	0.00000	0	0.00000	0	0.00000	0	0.00000	0	0.00000	0	0.00000	0	0.00000	0	0.00000	0	0.00000	0	0.00000	0	0.00000	0	0.00000	0	0.00000
Bacteriovoracales	2024979	O	0	0.00000	0	0.00000	0	0.00000	0	0.00000	0	0.00000	10	0.00001	0	0.00000	0	0.00000	0	0.00000	0	0.00000	0	0.00000	0	0.00000	0	0.00000	13	0.00001	0	0.00000	0	0.00000	0	0.00000	0	0.00000	0	0.00000	0	0.00000	0	0.00000	0	0.00000	0	0.00000	0	0.00000	0	0.00000	0	0.00000	0	0.00000	0	0.00000	0	0.00000
Methanococcales	2182	O	0	0.00000	0	0.00000	0	0.00000	0	0.00000	0	0.00000	15	0.00001	0	0.00000	0	0.00000	0	0.00000	0	0.00000	0	0.00000	0	0.00000	0	0.00000	0	0.00000	0	0.00000	0	0.00000	0	0.00000	0	0.00000	0	0.00000	0	0.00000	0	0.00000	0	0.00000	0	0.00000	0	0.00000	0	0.00000	0	0.00000	0	0.00000	0	0.00000	0	0.00000
Rowavirales	2732559	O	0	0.00000	0	0.00000	0	0.00000	0	0.00000	0	0.00000	25	0.00002	77	0.00010	0	0.00000	0	0.00000	0	0.00000	0	0.00000	0	0.00000	0	0.00000	0	0.00000	0	0.00000	15	0.00003	0	0.00000	0	0.00000	0	0.00000	0	0.00000	0	0.00000	0	0.00000	0	0.00000	0	0.00000	0	0.00000	0	0.00000	0	0.00000	0	0.00000	0	0.00000
Thermomicrobiales	189776	O	0	0.00000	0	0.00000	0	0.00000	0	0.00000	0	0.00000	0	0.00000	0	0.00000	11	0.00001	0	0.00000	0	0.00000	13	0.00002	13	0.00002	0	0.00000	0	0.00000	0	0.00000	0	0.00000	13	0.00001	0	0.00000	0	0.00000	23	0.00002	29	0.00003	0	0.00000	11	0.00001	0	0.00000	0	0.00000	11	0.00001	17	0.00003	0	0.00000	0	0.00000
Tepidisphaerales	1771349	O	0	0.00000	0	0.00000	0	0.00000	0	0.00000	0	0.00000	0	0.00000	0	0.00000	13	0.00001	0	0.00000	0	0.00000	0	0.00000	0	0.00000	0	0.00000	0	0.00000	0	0.00000	0	0.00000	0	0.00000	0	0.00000	0	0.00000	0	0.00000	0	0.00000	0	0.00000	0	0.00000	0	0.00000	0	0.00000	0	0.00000	0	0.00000	0	0.00000	0	0.00000
Desulfurococcales	114380	O	0	0.00000	0	0.00000	0	0.00000	0	0.00000	0	0.00000	0	0.00000	0	0.00000	11	0.00001	0	0.00000	0	0.00000	0	0.00000	0	0.00000	0	0.00000	0	0.00000	0	0.00000	0	0.00000	0	0.00000	0	0.00000	0	0.00000	0	0.00000	0	0.00000	0	0.00000	0	0.00000	0	0.00000	0	0.00000	0	0.00000	0	0.00000	0	0.00000	0	0.00000
Candidatus Saccharimonadales	2093825	O	0	0.00000	0	0.00000	0	0.00000	0	0.00000	0	0.00000	0	0.00000	0	0.00000	0	0.00000	0	0.00000	11	0.00002	0	0.00000	0	0.00000	0	0.00000	32	0.00003	0	0.00000	0	0.00000	0	0.00000	0	0.00000	11	0.00001	0	0.00000	0	0.00000	0	0.00000	0	0.00000	0	0.00000	0	0.00000	0	0.00000	0	0.00000	0	0.00000	0	0.00000
Bryobacterales	332160	O	0	0.00000	0	0.00000	0	0.00000	0	0.00000	0	0.00000	0	0.00000	0	0.00000	0	0.00000	0	0.00000	0	0.00000	0	0.00000	0	0.00000	0	0.00000	11	0.00001	0	0.00000	0	0.00000	0	0.00000	0	0.00000	0	0.00000	0	0.00000	0	0.00000	0	0.00000	0	0.00000	0	0.00000	0	0.00000	0	0.00000	0	0.00000	0	0.00000	0	0.00000
Elusimicrobiales	641854	O	0	0.00000	0	0.00000	0	0.00000	0	0.00000	0	0.00000	0	0.00000	0	0.00000	0	0.00000	0	0.00000	0	0.00000	0	0.00000	0	0.00000	0	0.00000	79	0.00008	0	0.00000	0	0.00000	0	0.00000	0	0.00000	0	0.00000	0	0.00000	0	0.00000	0	0.00000	0	0.00000	0	0.00000	0	0.00000	0	0.00000	0	0.00000	0	0.00000	0	0.00000
Catenulisporales	414714	O	0	0.00000	0	0.00000	0	0.00000	0	0.00000	0	0.00000	0	0.00000	0	0.00000	0	0.00000	0	0.00000	0	0.00000	0	0.00000	0	0.00000	0	0.00000	0	0.00000	0	0.00000	0	0.00000	0	0.00000	0	0.00000	0	0.00000	0	0.00000	11	0.00001	0	0.00000	0	0.00000	0	0.00000	0	0.00000	0	0.00000	0	0.00000	0	0.00000	0	0.00000
Thermoleophilales	588674	O	0	0.00000	0	0.00000	0	0.00000	0	0.00000	0	0.00000	0	0.00000	0	0.00000	0	0.00000	0	0.00000	0	0.00000	0	0.00000	0	0.00000	0	0.00000	0	0.00000	0	0.00000	0	0.00000	0	0.00000	0	0.00000	0	0.00000	0	0.00000	19	0.00002	0	0.00000	0	0.00000	0	0.00000	0	0.00000	0	0.00000	0	0.00000	0	0.00000	0	0.00000
Acidothermales	1643683	O	0	0.00000	0	0.00000	0	0.00000	0	0.00000	0	0.00000	0	0.00000	0	0.00000	0	0.00000	0	0.00000	0	0.00000	0	0.00000	0	0.00000	0	0.00000	0	0.00000	0	0.00000	0	0.00000	0	0.00000	0	0.00000	0	0.00000	0	0.00000	0	0.00000	0	0.00000	0	0.00000	0	0.00000	19	0.00003	0	0.00000	0	0.00000	0	0.00000	0	0.00000
